time,t_data,ERK_data,NN_approx,NN_GT,R_fit,Ras_fit,Raf_fit,MEK_fit,ERK_fit,NFB_fit,PFB_fit,R_GT,Ras_GT,Raf_GT,MEK_GT,ERK_GT,NFB_GT,PFB_GT
0.0,0.0,0.005096650073852647,0.04542582769024162,0.0,0.0,0.0,0.0,0.0,0.0,0.0,0.0,0.0,0.0,0.0,0.0,0.0,0.0,0.0
0.125,1.25,0.13709101365409393,0.0412543704938271,2.3916375378241846e-9,0.11109380570897302,0.11723260969847919,0.026803578888910315,0.0010112163058681742,2.924968522071165e-5,2.5668052604789137e-10,6.3329670597144494e-9,0.11109380570897304,0.11723260969847915,0.022492159583270745,0.0007211190599507267,1.748077738537341e-5,1.3382287477398398e-10,3.2214722956827065e-9
0.25,2.5,0.5161081267468273,0.03283295632301992,2.4264364626432224e-7,0.20608058766189644,0.3701257994661237,0.14120646418981384,0.010206268680298525,0.000526316291505696,3.011755251002745e-8,4.048207334138488e-7,0.20608058766189646,0.37012579946612373,0.13489834557300093,0.009272194365975955,0.0004519236623521098,2.4562588959195975e-8,3.2726459400542956e-7
0.375,3.75,0.7540491762048306,0.02254839488642277,3.094422305332321e-6,0.28482739574317384,0.6200687676342952,0.32729582341709557,0.03738344428941116,0.0028315607113508757,4.6248769553093996e-7,4.638550923741674e-6,0.28482739574317384,0.6200687676342953,0.3208843299338729,0.03574281057202271,0.002635524750461752,4.1915935656251315e-7,4.18665036389459e-6
0.5,5.0,0.820258635093078,0.016007621664856548,1.6905414344156043e-5,0.3501107926063165,0.7805265099636276,0.5130002327814184,0.08510054089843072,0.008678873360282746,2.8915379186973867e-6,2.4450549740393955e-5,0.35011079260631633,0.7805265099636276,0.5077182141730038,0.0829058746587169,0.008319773794332724,2.7261480424267564e-6,2.2998431525454613e-5
0.625,6.25,0.8381826377434873,0.014255956462791652,5.804294972272381e-5,0.4042326295395888,0.8527991980687317,0.6433944890894971,0.14708782359100775,0.019278039615817026,1.0932378469904767e-5,8.291485698190838e-5,0.40423262953958866,0.8527991980687315,0.6394656363087058,0.14457123477549488,0.018736378932221926,1.0502436856576769e-5,7.953715228724748e-5
0.75,7.5,0.8305289781307961,0.015613844121825713,0.0001492903102665429,0.4491012082866828,0.8814774057789643,0.715766196741145,0.21446399692838972,0.034990947166263685,3.0142046918178947e-5,0.00021242617517120067,0.4491012082866827,0.881477405778964,0.7127218783905733,0.21181038473864283,0.03426051681948177,2.9256948675272988e-5,0.00020598270304233792
0.875,8.75,0.8338612234781342,0.0187370845187642,0.00031690198443814067,0.4862985665593942,0.8948827594213853,0.7513670954466243,0.2809809840914071,0.05561780296334277,6.726277184507873e-5,0.0004501353652362697,0.4862985665593941,0.8948827594213848,0.748634673504147,0.27828936634666035,0.054697175115818245,6.569744525707869e-5,0.00043934561585194
1.0,10.0,0.8354920160313932,0.022893923491373605,0.0005880287934312388,0.5171362596868603,0.9028742926736205,0.7683002580822171,0.34356643200922465,0.08072628559766044,0.00012941346671254715,0.0008339754206788981,0.5171362596868604,0.9028742926736211,0.7654617531961908,0.34087117459101474,0.07961534115416836,0.00012691933997723473,0.0008174674119632697
1.125,11.25,0.8199710082519871,0.027579632836803127,0.0009886609791429554,0.5427016052270414,0.9083683185122088,0.7766120696185602,0.40106866041972117,0.10979741312034755,0.00022350358601332316,0.0014000485947189157,0.5427016052270414,0.9083683185122093,0.7734190585132465,0.3983698008981138,0.10849697369966664,0.00021981688654893679,0.0013763931701233003
1.25,12.5,0.82829421286809,0.03235090232144437,0.0015422483436554018,0.5638960210961951,0.9123920093921821,0.7810489587377224,0.4532388263244684,0.14226393887785016,0.0003558519840095515,0.002180960799108643,0.5638960210961951,0.9123920093921822,0.7773813066865475,0.45052362966919596,0.14077638232657974,0.00035070066186912094,0.002148701226156357
1.375,13.75,0.8196194757921976,0.03679832013561191,0.002268894058295791,0.5814668089945481,0.9154356387977358,0.7837023774648209,0.5002059135523214,0.17752195076722313,0.0005319440603842194,0.003204728954838899,0.5814668089945478,0.9154356387977362,0.7795344276882172,0.49746161928042465,0.175852029504926,0.0005250542245162079,0.003162410421889389
1.5,15.0,0.8183766072917551,0.040572696053592185,0.003184902189844709,0.5960335037916545,0.917785895704322,0.7854622789005044,0.5422470464704234,0.2149436349792066,0.0007562853706930332,0.004494099806792082,0.5960335037916544,0.9177858957043223,0.7808405278262658,0.5394677191104348,0.21309931244554997,0.0007473877647149402,0.0044403009218858345
1.625,16.25,0.8137502880070249,0.04342509377075643,0.0043025678926956416,0.6081097179341027,0.9196278680567708,0.7866996621488807,0.579694051302268,0.2538943400601614,0.001032329249676785,0.006066212407709868,0.6081097179341028,0.9196278680567708,0.7817249716118055,0.5768835625110179,0.2518875393258679,0.0010211660516311818,0.00599957961354137
1.75,17.5,0.8050447462618693,0.045235977637828544,0.005630164825199581,0.6181212510955741,0.9210877754987771,0.7875693853547833,0.6128964072534909,0.29375119961062374,0.0013624635809835188,0.007932554434830272,0.6181212510955741,0.9210877754987777,0.7823791925651457,0.6100687190137611,0.2915983188192819,0.0013487955525852053,0.007851839038181919
1.875,18.75,0.7941682069312561,0.04601949296039119,0.007172096176181016,0.6264211036040628,0.9222549789488902,0.7881412883735248,0.6422060253828558,0.33392069708290284,0.0017480442725274347,0.010099159457125409,0.6264211036040628,0.9222549789488909,0.7828910782160384,0.6393835943687275,0.3316427445833159,0.001731658004689907,0.010003255607795244
2.0,20.0,0.791105696611639,0.04590137285707543,0.008929173824126528,0.6333019230102026,0.923194578930579,0.7884552300313435,0.667969921998026,0.3738536576184969,0.0021894641599110912,0.012566989757113626,0.6333019230102025,0.9231945789305793,0.7833009439265007,0.6651809716356861,0.3714759170019916,0.0021701789344111735,0.012454970588391229
2.125,21.25,0.7925763164349187,0.04507942127916274,0.010898989638099581,0.6390063226548331,0.9239550934830142,0.7885422011557174,0.6905255245886748,0.4130569999948441,0.0026862472039037026,0.015332451476304793,0.6390063226548333,0.923955093483014,0.7836258942558683,0.6878008967664052,0.41060822592584256,0.0026639208822179243,0.015203600106425182
2.25,22.5,0.7913427646959955,0.043779859059584,0.013076345614709856,0.6437354360619697,0.9245733553467609,0.7884304380558239,0.7101968645305128,0.4511020793988105,0.0032371591395614512,0.01838799446162113,0.6437354360619698,0.9245733553467598,0.7838708000849787,0.7075670529786181,0.448613314330896,0.0032116925229514377,0.018241826788971672
2.375,23.75,0.7771457356239345,0.042220808422083644,0.015453714108990647,0.6476560087796635,0.9250777519502458,0.7881454849525663,0.727291274015775,0.4876297190432091,0.0038403270739225948,0.021722756317135328,0.6476560087796635,0.925077751950245,0.7840335728617903,0.7247840505293451,0.4851328824267904,0.0038116663320524177,0.021559033407781838
2.5,25.0,0.7776695896944814,0.040588726111215084,0.01802170450619207,0.6509062777225751,0.9254904358248117,0.7877085702708585,0.742096661718807,0.5223521725799243,0.004493361814718242,0.02532321745029049,0.6509062777225751,0.9254904358248127,0.7841079619225803,0.7397354866109799,0.5198785969541436,0.004461498802935115,0.025141946544429045
2.625,26.25,0.7745920408079745,0.039028114366470454,0.0207695175140766,0.6536008453181662,0.9258288728296786,0.7871352808616544,0.754879517786952,0.5550523433740973,0.005193477892704654,0.029173840638274093,0.6536008453181664,0.9258288728296775,0.7840852304831701,0.7526827355719874,0.5526314187185748,0.005158448413458523,0.028975265086733763
2.75,27.5,0.7720159808823234,0.03764140571815996,0.023685372539492447,0.6558347203158167,0.9261069516161554,0.7864351864863827,0.7658837308658105,0.5855806430863011,0.005937607304110638,0.03325767459032536,0.6558347203158169,0.9261069516161553,0.7839552816261661,0.7638644257536403,0.5832386932523721,0.005899487569413066,0.03304225412570789
2.875,28.75,0.7745069856334988,0.0364948494166396,0.026756897344639652,0.6576866677352441,0.9263357947014734,0.7856123674155291,0.775330200933894,0.6138499142302855,0.006722503958390717,0.037556906175432836,0.6576866677352444,0.9263357947014735,0.7837074766540195,0.773496529373759,0.611609380605863,0.00668140565024297,0.037325289679369426
3.0,30.0,0.7709570212858909,0.035626776224224506,0.0299714724670946,0.6592219860712885,0.926524361868806,0.7846665172614086,0.7834171520245439,0.6398288721836161,0.007544836687595421,0.042053350562279844,0.6592219860712887,0.9265243618688052,0.7833312507158577,0.7817729663463012,0.6377078313168495,0.007500901083438346,0.04180634386679195
3.125,31.25,0.7705929816110189,0.035055821035050234,0.033316525843153776,0.6604948096775455,0.9266799060063792,0.7835942642712523,0.7903210039011357,0.6635345381972538,0.008401269470453884,0.046728872619486855,0.6604948096775457,0.9266799060063787,0.7828165741792206,0.7888666101322579,0.6615465394114463,0.00835466110670424,0.04646740390917395
3.25,32.5,0.7734802287491708,0.03478785758987167,0.03677977575095163,0.66155001750944,0.9268083221251938,0.7823904426871695,0.7961976487958705,0.6850241307673741,0.009288528249615726,0.051565736626462515,0.6615500175094402,0.9268083221251938,0.782154286155747,0.794930583413174,0.6831783105280885,0.009239428552405407,0.05129082176632228
3.375,33.75,0.771089722293492,0.034821245246022724,0.04034942257722231,0.6624248155278125,0.9269144177351929,0.781049161090697,0.8011839887899631,0.7043868541073774,0.010203454366203705,0.056546884645357245,0.6624248155278126,0.9269144177351938,0.7813363188898352,0.8000997403201213,0.7026882667817708,0.010152055601845586,0.056259594340399406
3.5,35.0,0.764523429941021,0.035150471298934054,0.0440142919524767,0.6631500485575699,0.9270021244412755,0.779564610682596,0.80539961112376,0.7217359689974596,0.01114304518621822,0.061656146737350134,0.66315004855757,0.9270021244412754,0.7803558296273135,0.8044922464133409,0.720186067457843,0.011089544991477351,0.06135757692585159
3.625,36.25,0.7619586605941491,0.03576848161279274,0.047763933422975836,0.6637512878567049,0.9270746650010652,0.7779316190130693,0.8089485048014404,0.7372014572236383,0.012104482931515852,0.06687838848267375,0.663751287856705,0.9270746650010652,0.7792072562298936,0.8082111844149267,0.7357986591904562,0.012049079589526265,0.06656963485128076
3.75,37.5,0.7606603662392498,0.036668036071939976,0.051588679980897806,0.6642497327426823,0.9271346862219524,0.7761459868189177,0.8119207473050933,0.7509235041265871,0.013085153042227288,0.07219960291140085,0.6642497327426823,0.9271346862219539,0.7778863125345743,0.8113461305404963,0.7496637884978506,0.013028041584147153,0.0718817399532776
3.875,38.75,0.7642368377732268,0.03784238885608733,0.055479674441378385,0.6646629580669656,0.9271843653710142,0.7742046564418387,0.8143941124711123,0.7630469341966132,0.014082653585127185,0.07760695494572327,0.6646629580669656,0.9271843653710184,0.7763899386690543,0.8139746616976352,0.7619244232138913,0.014024022726702357,0.0772810195971128
4.0,40.0,0.7581824680402868,0.03928552973335895,0.05942886886615236,0.6650055338931661,0.9272254958499612,0.7721057588120848,0.8164355686584809,0.7737166514175836,0.015094797291860598,0.08308878682699966,0.6650055338931661,0.9272254958499623,0.7747162201277968,0.8161637670535308,0.7727241471102139,0.015034827160750995,0.08275576642810097
4.125,41.25,0.7569495958519031,0.04099215860642968,0.06342900305633967,0.6652895392282709,0.9272595565009858,0.7698485788223128,0.8181026502572686,0.7830740661867805,0.016119607779518354,0.08863459283730932,0.6652895392282709,0.9272595565009906,0.7728642875265754,0.8179711482564404,0.7822035214302666,0.0160584683535164,0.08829541697017518
4.25,42.5,0.7586312561038816,0.04295751231897153,0.06747356766406225,0.6655249879207914,0.9272877678949049,0.7674334701540179,0.8194446958181282,0.7912544380364546,0.01715531139718173,0.0942349710457126,0.6655249879207913,0.927287767894909,0.770834206807021,0.8194464009842564,0.7904973526964033,0.01709316155339943,0.09389050669440538
4.375,43.75,0.7519149917869409,0.04517712252181822,0.07155675680486161,0.6657201817427284,0.927311138200782,0.764861742357731,0.8205039532710848,0.7983850289149408,0.018200325981101387,0.09988155894776221,0.6657201817427283,0.9273111382007834,0.7686268674763533,0.8206320767316625,0.7977327694270504,0.018137313048846644,0.09953260838792223
4.5,45.0,0.7543859539408058,0.04764655477329843,0.07567341428518795,0.665882003104803,0.9273305006715934,0.762135536089159,0.8213165574928745,0.8045839439023187,0.019253247612075506,0.1055669588511651,0.6658820031048029,0.9273305006715967,0.7662438744163607,0.8215646281625946,0.804027990203814,0.019189507324177534,0.10521425968931027
4.625,46.25,0.7501785453913892,0.05036115945046623,0.07981897677080714,0.6660161577259066,0.9273465443512416,0.7592576970459961,0.8219133884560714,0.8099595319033189,0.02031283627152157,0.11128465779985404,0.6660161577259065,0.927346544351242,0.763687446995749,0.8222752442929854,0.8094916591143735,0.020248493017161837,0.1109288846299014
4.75,47.5,0.7532297294445934,0.05331585198725447,0.0839894164718604,0.6661273758131399,0.9273598392789936,0.7562316551960803,0.8223208198337143,0.8146102244501293,0.02137800110291611,0.11702894580586935,0.6661273758131397,0.9273598392789951,0.7609603277298653,0.8227905835558778,0.8142226284905623,0.021313168396906026,0.1166707130168996
4.875,48.75,0.7498108329336329,0.05650493142052501,0.08818118524694205,0.6662195788459246,0.9273708572119638,0.7530613130850893,0.8225613686258196,0.8186247027255962,0.022447785812839394,0.12279483522878008,0.6662195788459245,0.927370857211964,0.7580657015634118,0.8231334137227834,0.8183100795728289,0.022382566909688706,0.12243470057260483
5.0,50.0,0.7447265072858966,0.05992194073701672,0.09239116145230879,0.6662960178448877,0.9273799886863779,0.7497509450981957,0.8226542564170396,0.8220822982673968,0.02352135459644334,0.12857798333689605,0.6662960178448877,0.9273799886863784,0.7550071259851081,0.8233231679500871,0.8218338862200103,0.02345584319100915,0.12821645193846778
5.125,51.25,0.739955868385158,0.06355956904496028,0.09661660038938995,0.6663593880007925,0.9273875570808776,0.7463051082944303,0.8226158924917931,0.8250535492248232,0.024597978847817746,0.13437461941470816,0.6663593880007926,0.9273875570808777,0.7517884715788293,0.8233764260787825,0.8248651426706828,0.024532259816860576,0.13401214797764677
5.25,52.5,0.7503098379837931,0.0674095934523855,0.10085508883044984,0.6664119237052615,0.9273938302198753,0.7427285646475651,0.8224602883890992,0.8276008499164654,0.02567702481597143,0.1401814772443719,0.6664119237052615,0.9273938302198754,0.748413872226469,0.8233073298884769,0.8274667919752252,0.02561117496604523,0.13981847826501936
5.375,53.75,0.748311592100501,0.0714628572641359,0.10510450381874738,0.6664554773340102,0.9273990299550152,0.7390262140705015,0.8221994126919453,0.8297791458077259,0.026757942289881893,0.14599573337435282,0.6664554773340103,0.9273990299550154,0.7448876839558308,0.8231279404044831,0.8296943060086316,0.026692031086419255,0.145632579229597
5.5,55.0,0.7477792824308058,0.07570928041361186,0.10936297573303441,0.6664915845604453,0.9274033400823608,0.7352030373639656,0.8218434939976693,0.8316366384072765,0.027840254338342696,0.15181495127954475,0.6664915845604454,0.9274033400823609,0.7412144513287103,0.8228485446619253,0.8315963803939425,0.02777434459855906,0.15145197809617758
5.625,56.25,0.7418510994097577,0.08013789772870752,0.11362885546302792,0.6665215185025367,0.9274069128880593,0.7312640481383886,0.8214012791620838,0.8332154748328013,0.028923548088923612,0.1576370312966939,0.6665215185025369,0.9274069128880594,0.7373988802534763,0.8224779186012291,0.8332156180261201,0.028857696627357547,0.15727454254389744
5.75,57.5,0.744617444874998,0.08473692056644418,0.11790068544950745,0.6665463346121526,0.927409874562584,0.7272142527547714,0.8208802530868858,0.8345524050025978,0.030007466502071298,0.16346016606949015,0.6665463346121527,0.9274098745625841,0.7334458161528624,0.8220235520449224,0.834589183233952,0.029941724722393488,0.16309843584224934
5.875,58.75,0.73749573057128,0.08949381745247037,0.12217717428821526,0.666566907889624,0.9274123296808565,0.7230586173790775,0.8202868255490117,0.8356793957804824,0.03109170107835706,0.16928280114364658,0.6665669078896241,0.9274123296808565,0.7293602264994323,0.821491841012118,0.8357494151385029,0.031026115508717093,0.16892207712459376
6.0,60.0,0.7345194237246586,0.09439540957277233,0.12645717457082084,0.6665839637357043,0.9274143649105995,0.7188020413191544,0.8196264898638058,0.8366241962029858,0.032175985426623956,0.17510360030008554,0.6665839637357044,0.9274143649105995,0.7251471868311624,0.8208882519800902,0.8367243937118359,0.03211059819847537,0.17474410640167415
6.125,61.25,0.736175855339945,0.09942797724664372,0.13073966363071501,0.6665981035287399,0.9274160520826854,0.7144493358974326,0.8189039575360151,0.8374108514267442,0.03326008961625022,0.18092141519284297,0.6665981035287402,0.9274160520826854,0.7208118694667037,0.8202174621102909,0.8375384556777877,0.033194938888485875,0.18056335389186323
6.25,62.5,0.7464859866190263,0.10457737383529575,0.1350237268698948,0.6666098258288915,0.9274174507338115,0.710005208196209,0.8181232724839831,0.8380601655105075,0.03434381523626808,0.18673525885847492,0.6666098258288918,0.9274174507338114,0.7163595342463974,0.8194834789222232,0.8382126599842081,0.034278935567782484,0.1863788132417165
6.375,63.75,0.7326450042353904,0.10982914389057535,0.1393085433607282,0.6666195439570494,0.927418610212571,0.7054742490894279,0.817287907920347,0.8385901148199657,0.035426991086365815,0.19254428267860096,0.6666195439570495,0.9274186102125709,0.7117955207261685,0.8186897424226275,0.8387652043423757,0.03536241376097587,0.1921896182226983
6.5,65.0,0.7309115764606571,0.1151686427095792,0.14359337343926323,0.6666276005682664,0.9274195714241571,0.7008609250428774,0.8164008485326206,0.8390162149085645,0.036509469428870574,0.19834775640141336,0.6666276005682664,0.9274195714241571,0.7071252413445449,0.8178392122770182,0.8392117954693097,0.03644522273699122,0.19799502251223647
6.625,66.25,0.7381994431065226,0.12058115482367836,0.14787754803228612,0.6666342797335593,0.9274203682758867,0.6961695732226151,0.8154646602239689,0.8393518443418838,0.037591122735930106,0.20414505085758242,0.6666342797335593,0.9274203682758866,0.7023541751669715,0.8169344422420345,0.8395659763426349,0.03752723221760587,0.20379438219545817
6.75,67.5,0.734237447482393,0.1260520093071501,0.1521604594866508,0.666639816956072,0.9274210288749718,0.691404399499642,0.8144815493425651,0.8396085292226606,0.038671840871749665,0.20993562303812904,0.666639816956072,0.9274210288749717,0.6974878618860724,0.81597764375592,0.8398394141135204,0.03860832952566419,0.20958714065510797
6.875,68.75,0.7363226896184863,0.1315666901355182,0.15644155369522827,0.6666444074747689,0.9274215765210884,0.6865694789783829,0.8134534130415123,0.8397961922356443,0.0397515286555274,0.21571900323454002,0.6666444074747689,0.9274215765210884,0.6925318958218727,0.814970740306037,0.8400421524207433,0.03968841711850363,0.21537281554916232
7.0,70.0,0.7291865193184988,0.13711094015231545,0.16072032333834277,0.6666482131484363,0.9274220305289576,0.681668758708786,0.812381882164987,0.8399233699402218,0.040830103756411794,0.22149478397331615,0.6666482131484364,0.9274220305289576,0.6874919197229606,0.8139154139520012,0.8401828317843102,0.040767410457721316,0.22115098760711863
7.125,71.25,0.7342579504618054,0.14267085751159675,0.164996302082283,0.6666513681627207,0.9274224069100908,0.6767060622682666,0.8112683578449986,0.8399974018492693,0.04190749487721735,0.2272626105074167,0.6666513681627209,0.9274224069100908,0.6823736182189234,0.8128131451763015,0.8402688815872371,0.041845236171766845,0.22692129100592018
7.25,72.5,0.7312792267580027,0.14823298374932828,0.1692690595971753,0.6666539837614309,0.9274227189378413,0.6716850959216887,0.8101140428123744,0.8400245945851876,0.042983640188679256,0.23302217265518257,0.6666539837614311,0.9274227189378413,0.6771827108170143,0.8116652470570221,0.8403066869208126,0.04292183047286243,0.23268340511445093
7.375,73.75,0.7302513815132291,0.15378438289752466,0.17353819727508613,0.666656152168923,0.9274229776157544,0.6666094560863216,0.8089199682711512,0.8400103641272451,0.044058485980656835,0.23877319780304465,0.6666561521689232,0.9274229776157545,0.671924944372734,0.810472894605666,0.8403017333018912,0.04399713779436502,0.23843704742118688
7.5,75.0,0.7341053342641686,0.15931271128915453,0.17780334454571814,0.6666579498418742,0.92742319206578,0.6614826378452893,0.8076870170538639,0.8399593588781177,0.04513198550088722,0.24451544491155888,0.6666579498418742,0.92742319206578,0.6666060849955993,0.8092371499837213,0.8402587319914424,0.04507110961887298,0.24418196748281812
7.625,76.25,0.7267903199975978,0.1648062779084941,0.18206415570160298,0.6666594401650957,0.9274233698500671,0.6563080442682382,0.806415943663042,0.8398755659952949,0.046204097955651044,0.2502486993851097,0.6666594401650956,0.927423369850067,0.6612319093784809,0.8079589842014339,0.8401817283659253,0.0461437034711478,0.24991794175250467
7.75,77.5,0.7292894587100139,0.17025409532052638,0.18632030715737558,0.6666606756864417,0.9274235172377108,0.6510889963124269,0.8051073917087831,0.8397624031634318,0.04727478765005834,0.2559727686840889,0.6666606756864417,0.9274235172377108,0.6558081955621086,0.8066392958085918,0.8400741955263108,0.047214882053274655,0.2556447691649452
7.875,78.75,0.7311812561338006,0.17564592136444374,0.1905714950787491,0.6666616999696138,0.9274236394258732,0.6458287430916164,0.8037619091711365,0.8396227977319175,0.04834402324862082,0.2616874785746545,0.6666616999696137,0.9274236394258731,0.6503407131661124,0.8052789270076518,0.8399391150793798,0.048284612502459474,0.26136226737182683
8.0,80.0,0.7214098740233835,0.18097229192124223,0.19481743332633192,0.6666625491301886,0.9274237407230839,0.6405304723142834,0.8023799618471104,0.8394592549106376,0.04941177713937965,0.2673926699254831,0.6666625491301885,0.9274237407230838,0.6448352131346984,0.8038786775521934,0.839779046795348,0.04935286575447554,0.2670702695356097
8.125,81.25,0.7251093835734572,0.18622454516515444,0.19905785166763015,0.6666632531090311,0.9274238247011916,0.6351973207069704,0.8009619452836054,0.8392739165071217,0.05047802488713464,0.2730881959734246,0.6666632531090311,0.9274238247011914,0.6392974170590318,0.8024393167367179,0.8395961886362205,0.05041961599806709,0.27276862160219917
8.25,82.5,0.7249020725294707,0.19139483778499944,0.20329249421760293,0.6666638367279901,0.9274238943213303,0.6298323842530557,0.7995081954479385,0.8390686114999022,0.05154274476331076,0.2787739199908728,0.6666638367279902,0.9274238943213303,0.633733006149894,0.8009615937356994,0.8393924284606322,0.05148484020762018,0.2784571799840339
8.375,83.75,0.7281959152308366,0.1964761537165563,0.20752111807414908,0.6666643205651012,0.9274239520383443,0.6244387280919337,0.7980189983455078,0.8388448995751009,0.05260591734172533,0.28444971329710733,0.6666643205651012,0.9274239520383443,0.6281476099433456,0.7994462465092345,0.8391693885425994,0.05254851774315498,0.2841358095946615
8.5,85.0,0.725903942321927,0.20146230596308604,0.21174349212002175,0.6666647216801547,0.9274239998873548,0.6190193959384052,0.7964945987584561,0.8386041086047283,0.05366752515102008,0.2901154535640591,0.6666647216801547,0.9274239998873548,0.6225467948291656,0.7978940094584986,0.8389284638924069,0.053610630008207344,0.28980438218413973
8.625,86.25,0.7270146697675572,0.20634793210058286,0.21595939596702463,0.6666650542162137,0.9274240395555265,0.6135774188969585,0.7949352082489195,0.8383473669143968,0.05472755237582088,0.29577102337402567,0.6666650542162138,0.9274240395555267,0.6169360524968256,0.7963056199855663,0.8386708552363394,0.05467116015747964,0.29546277493175427
8.75,87.5,0.7274148850061789,0.2111284840696708,0.22016861902203883,0.6666653298982895,0.9274240724415611,0.6081158235605749,0.7933410125447948,0.8380756310734916,0.055785984599809525,0.30141630899296123,0.6666653298982896,0.927424072441561,0.6113207883968522,0.7946818240881308,0.8383975973965553,0.055730092847273434,0.30111086925870933
8.875,88.75,0.7243059808464809,0.21580021284976988,0.22437095965756504,0.6666655584467578,0.9274240997050168,0.6026376392984911,0.7917121784042022,0.8377897098406833,0.05684280858486048,0.30705119932822716,0.6666655584467579,0.9274240997050169,0.6057063103167121,0.7930233810996112,0.8381095837115227,0.056787414022696395,0.306748549828768
9.0,90.0,0.7313168635478611,0.22036014859552816,0.22856622447212113,0.6666657479200928,0.9274241223071991,0.597145904651977,0.7900488600364003,0.8374902848104295,0.057898012081227856,0.312675585044193,0.6666657479200928,0.9274241223071991,0.6000978171699284,0.7913310676684152,0.8378075870495252,0.05784311073647987,0.3123757037093967
9.125,91.25,0.7251211926495778,0.22480607679276246,0.23275422762806752,0.6666659049990047,0.9274241410450548,0.5916436727717329,0.7883512051412516,0.8371779282303284,0.058951583664488307,0.3182893578129767,0.6666659049990047,0.9274241410450547,0.5945003880950833,0.789605681056273,0.8374922778913452,0.05889717099496744,0.3179922196698839
9.25,92.5,0.7275052916486369,0.22913651096319154,0.23693479025634318,0.6666660352219965,0.9274241565792748,0.5861340158446088,0.7866193606161123,0.8368531183934839,0.060003512595557036,0.3238924096809078,0.6666660352219965,0.9274241565792749,0.5889189719578249,0.7878480418240894,0.8371642398919914,0.05994958362746292,0.3235979875962955
9.375,93.75,0.7297752352676091,0.2333506624159649,0.2411077399191816,0.6666661431806485,0.9274241694575903,0.5806200284712975,0.7848534779677615,0.8365162529531818,0.06105378870062921,0.3294846325341811,0.6666661431806487,0.9274241694575903,0.5833583773441513,0.7860589959643188,0.8368239832740123,0.061000338175660855,0.32919289800601
9.5,95.0,0.7297696929650801,0.23744840751070626,0.24527291012323008,0.6666662326815147,0.9274241801340851,0.5751048299701983,0.7830537184574852,0.836167660458044,0.06210240226834864,0.33506591764957583,0.6666662326815148,0.9274241801340851,0.57782326312701,0.7842394165311614,0.8364719563554197,0.062049424800343735,0.3347768416470557
9.625,96.25,0.7224369009270839,0.24143025286298944,0.24943013987663715,0.6666663068803389,0.9274241889852075,0.5695915655958171,0.7812202579993766,0.8358076103634225,0.06314934396189718,0.3406361553182195,0.6666663068803389,0.9274241889852075,0.5723181296811347,0.7823902048135618,0.8361085554725217,0.06309683420292723,0.34034970916960133
9.75,97.5,0.719022707064227,0.24529729888967675,0.25357927328462593,0.6666663683933246,0.9274241963230441,0.5640834066729314,0.7793532918251197,0.8354363217382361,0.06419460474403102,0.3461952345321448,0.6666663683933247,0.9274241963230441,0.5668473108128071,0.7805122910909079,0.8357341335211705,0.06414255755977273,0.34591139085876166
9.875,98.75,0.7227323188927457,0.24905120205929596,0.2577201591788875,0.6666664193893809,0.9274242024063231,0.5585835496600663,0.7774530389228288,0.8350539708549595,0.06523817581337533,0.3517430427249124,0.666666419389381,0.9274242024063231,0.5614149664623671,0.7786066350072128,0.8353490073082575,0.06518658646747834,0.35146177641943466
10.0,100.0,0.7256686806618782,0.25269413618211495,0.2618526507768037,0.6666664616665965,0.9274242074495376,0.5530952141678271,0.7755197462527412,0.8346606978233666,0.06628004855053282,0.3572794655588643,0.6666664616665966,0.9274242074495376,0.5560250762277807,0.7766742255962722,0.834953463878064,0.06622891289760872,0.35700075480521637
10.125,0.0,0.0,0.2562287530461709,0.26597660536709,0.6666664967156393,0.9274242116305088,0.5476216399690068,0.7735536927386433,0.8342566124053111,0.06732021447276991,0.3628043867526753,0.6666664967156394,0.9274242116305088,0.5506814337476872,0.7747160809876605,0.8345477659547011,0.06726952915953836,0.3625282140845733
10.25,0.0,0.0,0.2596581426794559,0.2700918840189292,0.6666665257723163,0.9274242150966552,0.5421660830482533,0.771555193030703,0.8338417991277716,0.06835866519622237,0.36831768794380737,0.6666665257723163,0.9274242150966553,0.5453876419721936,0.7727332478213479,0.834132156621797,0.06830842787026566,0.36804404133842167
10.375,0.0,0.0,0.262985793494741,0.2741983513120795,0.6666665498611476,0.9274242179701913,0.536731810749335,0.7695246010328421,0.8334163217941588,0.06939539240471491,0.37381924858127413,0.6666665498611476,0.9274242179701913,0.5401471093395689,0.7707268003970366,0.8337068633433911,0.0693456019302133,0.3735481225840953
10.5,0.0,0.0,0.26621555255212176,0.278295875085781,0.6666665698314902,0.9274242203524362,0.5313220960874663,0.7674623131858518,0.8329802274790737,0.07043038782441563,0.37930894584478,0.6666665698314902,0.9274242203524363,0.5349630468668674,0.768697839583002,0.833272101415247,0.07038104450416344,0.3790403427213846
10.625,0.0,0.0,0.26935158615504873,0.28238432620458137,0.6666665863874858,0.9274242223273864,0.5259402113029428,0.7653687714960344,0.8325335500789891,0.07146364320366043,0.3847866545868968,0.6666665863874858,0.9274242223273864,0.5298384661528115,0.7666474915081148,0.8328280769231639,0.07141474900659388,0.38452058549694396
10.75,0.0,0.0,0.27239834097817384,0.28646357833944175,0.6666666001128881,0.9274242239646775,0.5205894207400061,0.7632444662982828,0.8320763134804122,0.07249515029737191,0.39025224729540064,0.6666666001128881,0.9274242239646776,0.5247761782819007,0.7645769060598286,0.8323749892740572,0.07244670909077895,0.38998873348387436
10.875,0.0,0.0,0.2753605059094728,0.2905335077626927,0.6666666114916463,0.9274242253220393,0.5152729731416883,0.7610899387420605,0.8316085343977174,0.07352490085557922,0.3957055940733109,0.6666666114916463,0.9274242253220393,0.51977879360994,0.7624872552101303,0.831913033356329,0.07347691864110376,0.39544466807373135
11.0,0.0,0.0,0.2782429747744773,0.2945939931555888,0.6666666209249682,0.9274242264473321,0.5099940934570192,0.7589057829887523,0.8311302249248053,0.07455288661561128,0.40114656263451537,0.6666666209249681,0.9274242264473316,0.5148487224031023,0.7603797311907459,0.8314424013781356,0.07450537176811528,0.40088826947859285
11.125,0.0,0.0,0.28105081009675914,0.29864491542734983,0.6666666287454667,0.9274242273802324,0.5047559742613738,0.7566926481092583,0.8306413948378593,0.07557909929759242,0.4065750183131481,0.6666666287454667,0.9274242273802307,0.5099881762953218,0.7582555445382314,0.8309632844253928,0.0755320628058944,0.4063194167411351
11.25,0.0,0.0,0.28378920803570573,0.3026861575447095,0.6666666352288877,0.9274242281536336,0.49956176689392007,0.75445123967147,0.830142053680577,0.0766035306029178,0.4119908240851329,0.6666666352288877,0.9274242281536335,0.5051991705223494,0.7561159220289148,0.8304758737755801,0.07655698631138845,0.41173798775095155
11.375,0.0,0.0,0.2864634646299182,0.30671760437109336,0.6666666406038325,0.927424228794806,0.4944145724178834,0.752182321008368,0.8296322126582116,0.07762617221542618,0.417393840600503,0.6666666406038325,0.9274242287948062,0.5004835268851576,0.7539621045230056,0.829980361998452,0.07758013706538983,0.4171438592655815
11.5,0.0,0.0,0.28907894346187196,0.31073914251463647,0.6666666450598182,0.9274242293263565,0.4893174325096804,0.749886714158903,0.8291118863624563,0.07864701580502036,0.42278392622527183,0.6666666450598182,0.9274242293263562,0.4958428773908939,0.7517953447364557,0.8294769438705505,0.07860151007488675,0.422536906934922
11.625,0.0,0.0,0.29164104484677017,0.31475066018432796,0.6666666487539601,0.9274242297670278,0.4842733203819112,0.7475653004754816,0.8285810943455336,0.07966605303351493,0.42816093709177167,0.6666666487539601,0.9274242297670277,0.4912786685156957,0.7496169049584498,0.8289658171267837,0.0796211005765466,0.42791700532787214
11.75,0.0,0.0,0.29415517663555074,0.31875204705363325,0.6666666518165114,0.9274242301323564,0.4792851318426921,0.7452190208937932,0.8280398625587406,0.08068327556251359,0.4335247271564863,0.6666666518165113,0.9274242301323576,0.4867921660310681,0.7474280547315884,0.8284471830692587,0.08063890404112252,0.43328402796020843
11.875,0.0,0.0,0.2966267267087604,0.32274319413099534,0.6666666543554555,0.9274242304352246,0.4743556765898644,0.7428488758627999,0.8274882246680513,0.08169867506313845,0.43887514826449847,0.6666666543554555,0.9274242304352255,0.48238446033358,0.7452300685110008,0.8279212470508994,0.08165491617859984,0.4386378473228216
12.0,0.0,0.0,0.2990610372244245,0.3267239936366692,0.6666666564603141,0.9274242306863113,0.46948766983337875,0.7404559249349548,0.8269262232571535,0.08271224322744854,0.44421205021974425,0.6666666564603141,0.9274242306863115,0.4780564722166993,0.7430242233177292,0.8273882188491236,0.08266913294392234,0.4439783349095597
12.125,0.0,0.0,0.3014633806692234,0.33069433888537125,0.6666666582053032,0.9274242308944698,0.46468372433264626,0.7380412860190492,0.8263539109264229,0.08372397178139945,0.4495352808603331,0.6666666582053031,0.9274242308944698,0.473808959023415,0.7408117964007932,0.8268483129429057,0.08368155054315614,0.4493053612440129
12.25,0.0,0.0,0.3038389377482457,0.33465412417427237,0.6666666596519499,0.9274242310670388,0.45994634292803915,0.7356061343004845,0.8257713512947727,0.084733852499206,0.45484468613823514,0.6666666596519499,0.9274242310670389,0.469642521118885,0.7385940629213656,0.8263017487048869,0.08469216543996909,0.45461879590467175
12.375,0.0,0.0,0.30619277713448034,0.3386032446758793,0.6666666608512622,0.927424231210102,0.45527791163713005,0.7331517008361714,0.8251786199100186,0.0857418772189784,0.46014011020267853,0.6666666608512621,0.9274242312101041,0.4655576086236356,0.7363722936714824,0.8257487505187616,0.08570097436231582,0.45991850754795205
12.5,0.0,0.0,0.3085298370852335,0.3425415963353834,0.666666661845527,0.9274242313287113,0.4506806933768732,0.7306792708336348,0.8245758050723325,0.0867480378595107,0.4654213954866317,0.666666661845527,0.9274242313287085,0.46155452834970345,0.7341477528386772,0.825189547830935,0.08670797430923363,0.465204363928653
12.625,0.0,0.0,0.31085490891887524,0.3464690757720685,0.6666666626698016,0.9274242314270323,0.4461568223629454,0.7281901816261952,0.8239630085744939,0.08775232643810477,0.47068838279576664,0.6666666626698015,0.9274242314270356,0.45763345088453716,0.7319216958268822,0.8246243751443831,0.08771316255766497,0.470476231917465
12.75,0.0,0.0,0.31317262233208154,0.3503855801844022,0.6666666633531492,0.927424231508551,0.4417082992270506,0.7256858203582869,0.8233403463619426,0.08875473508931893,0.4759409113993207,0.6666666633531491,0.9274242315085514,0.453794417770306,0.7296953671428777,0.8240534719617252,0.0887165366692343,0.47573397751520263
12.875,0.0,0.0,0.31548743252503675,0.354291007258432,0.6666666639196642,0.9274242315761303,0.4373369868824117,0.7231676213969986,0.8227079491150945,0.08975525608453384,0.48117881912228994,0.6666666639196641,0.9274242315761301,0.4500373487294924,0.7274699983565296,0.8234770826837231,0.08971809449691258,0.4809774658634633
13.0,0.0,0.0,0.31780360909028293,0.3581852550791451,0.6666666643893215,0.9274242316321548,0.43304460715704,0.7206370634877756,0.8220659627559476,0.09075388185223131,0.4864019424383969,0.6666666643893215,0.9274242316321553,0.4463620488910787,0.7252468061420086,0.8228954564687259,0.09071783419151536,0.48620656125147504
13.125,0.0,0.0,0.3201252266100037,0.36206822204444583,0.6666666647786813,0.9274242316786004,0.4288327382039815,0.718095666673868,0.8214145488806869,0.09175060499888456,0.4916101165632888,0.6666666647786813,0.9274242316786019,0.44276821597535565,0.7230269904061786,0.8223088470579772,0.09171575420798328,0.4914211271189059
13.25,0.0,0.0,0.32245615689685475,0.36593980678143956,0.6666666651014718,0.9274242317171068,0.4247028126877851,0.7155449890004962,0.8207538851197705,0.09274541833036112,0.49680317554742837,0.6666666651014718,0.9274242317171074,0.4392554473991667,0.7208117325093392,0.8217175125711698,0.09271185331140443,0.4966210260544645
13.375,0.0,0.0,0.3248000628048948,0.36979990806469243,0.6666666653690746,0.9274242317490284,0.42065611673686126,0.7129866230259057,0.8200841654268052,0.0937383148737408,0.5019809523681492,0.6666666653690745,0.9274242317490294,0.4358232472672966,0.7186021935825744,0.8211217152761772,0.09370613058273783,0.5018061197901117
13.5,0.0,0.0,0.32716039353003185,0.3736484247361879,0.666666665590925,0.9274242317754929,0.41669378964279,0.7104221921623505,0.819405600297434,0.09472928789945383,0.5071432790203536,0.6666666655909249,0.9274242317754937,0.4324710332195179,0.71639951294504,0.820521721336474,0.09469858542420942,0.5069762691907687
13.625,0.0,0.0,0.32954038131352553,0.37748525562668117,0.6666666657748456,0.9274242317974336,0.4128168242796019,0.7078533468707247,0.8187184169194033,0.09571833094364535,0.5122899866053378,0.6666666657748455,0.9274242317974336,0.429198143106678,0.7142048066236681,0.8199178005394049,0.09568921756435103,0.512131334239397
13.75,0.0,0.0,0.3319430394576551,0.381310299478179,0.6666666659273209,0.9274242318156216,0.4090260682091306,0.7052817607329285,0.8180228592549623,0.09670543783067466,0.5174209054172395,0.6666666659273208,0.9274242318156218,0.4260038414729105,0.7120191659769589,0.8193102260081426,0.09667802706265889,0.5172711740173574
13.875,0.0,0.0,0.33437116155951263,0.38512345486728256,0.6666666660537276,0.9274242318307011,0.4053222254324878,0.7027091264262086,0.8173191880567758,0.09769060269565888,0.5225358650266078,0.6666666660537275,0.9274242318307011,0.4228873258246167,0.709843656423771,0.818699273899891,0.09766501431385248,0.5223956466799716
14.0,0.0,0.0,0.33682732186710174,0.3889246201291396,0.6666666661585222,0.9274242318432022,0.4017058587427626,0.700137151623598,0.8166076808185638,0.09867382000697277,0.5276346943606046,0.6666666661585222,0.9274242318432019,0.4198477326702669,0.7076793162773437,0.81808522309264,0.09865018005171657,0.5275046094272238
14.125,0.0,0.0,0.33931387666131196,0.39271369328176703,0.6666666662454002,0.9274242318535659,0.3981773926301095,0.6975675548442585,0.8158886316617507,0.09965508458861774,0.5327172217793603,0.6666666662454002,0.9274242318535653,0.41688414331830576,0.7055271556841244,0.8174683548625553,0.09963352535251334,0.5325979184695575
14.25,0.0,0.0,0.34183296656792267,0.39649057195051235,0.6666666663174244,0.9274242318621579,0.39473711668750244,0.6950020612769924,0.8151623511594729,0.10063439164237564,0.5377832751480099,0.6666666663174244,0.9274242318621567,0.41399558942344095,0.7033881556664152,0.8168489525538837,0.10061505163795309,0.5376754289887264
14.375,0.0,0.0,0.3443865197053353,0.4002551532924394,0.6666666663771347,0.9274242318692799,0.39138518946354384,0.6924423985994635,0.8144291660993765,0.1016117367696642,0.5428326819039533,0.6666666663771348,0.9274242318692801,0.4111810582743374,0.7012632672673268,0.81622730124308,0.10159476067771564,0.542736995093683
14.5,0.0,0.0,0.3469762555762472,0.4040073339204325,0.6666666664266362,0.9274242318751842,0.3881216427077724,0.6898902928147853,0.8136894191867244,0.10258711599301339,0.5478652691188918,0.6666666664266363,0.9274242318751849,0.40843949781830596,0.6991534107960662,0.8156036873986949,0.10257265459151585,0.5477824697714884
14.625,0.0,0.0,0.3496036896147032,0.4077470098268234,0.6666666664676744,0.9274242318800807,0.3849463859538464,0.6873474641261013,0.8129434686894137,0.10356052577708472,0.5528808635552132,0.6666666664676746,0.9274242318800799,0.40576982142087964,0.6970594751711788,0.8149783985384268,0.10354873585070883,0.5528117048332416
14.75,0.0,0.0,0.3522701383038786,0.41147407630636246,0.6666666665016963,0.9274242318841387,0.3818592113867133,0.684815622868646,0.8121916880266017,0.10453196304915557,0.5578792917162959,0.6666666665016965,0.9274242318841386,0.403170912360216,0.6949823173590144,0.8143517228846014,0.10452300727943266,0.5578245508550365
14.875,0.0,0.0,0.35497672478432196,0.4151884278783607,0.6666666665299014,0.9274242318875038,0.3788597989412942,0.6822964655175273,0.811434465302722,0.10550142521899701,0.5628603798903442,0.6666666665299015,0.9274242318875033,0.40064162805809556,0.6929227619043902,0.8137239490192363,0.10549547205528709,0.5628208571139577
15.0,0.0,0.0,0.357724384877173,0.41888995820785224,0.6666666665532843,0.927424231890292,0.37594772158225453,0.6797916707881709,0.8106722027887604,0.1064689101980716,0.5678239541873553,0.6666666665532844,0.9274242318902929,0.3981808040509082,0.6908816005501627,0.8130953655397348,0.10646613370955044,0.5678004715191485
15.125,0.0,0.0,0.3605138734519144,0.42257856002562044,0.6666666665726694,0.9274242318926059,0.37312245071695516,0.6773028958450098,0.8099053163527492,0.10743441641798374,0.5727698405688568,0.6666666665726695,0.9274242318926058,0.3957872577054197,0.6888595919422242,0.8124662607161663,0.10743499612693372,0.5727632405379665
15.25,0.0,0.0,0.3633457710733662,0.4262541250469647,0.6666666665887402,0.9274242318945227,0.3703833616966235,0.6748317726326105,0.8091342348415219,0.10839794284811614,0.5776978648700628,0.6666666665887402,0.9274242318945225,0.39345979168525813,0.6868574614162682,0.811836922150997,0.10840206354487811,0.5777090091172802
15.375,0.0,0.0,0.3662204908679189,0.42991654388908274,0.6666666666020634,0.9274242318961115,0.36772973936402625,0.6723799043420418,0.8083593994158543,0.10935948901238894,0.5826078528141144,0.6666666666020634,0.9274242318961117,0.39119719717509077,0.6848759008625491,0.8112076364420658,0.10936734055239852,0.5826376205999463
15.5,0.0,0.0,0.3691382855541316,0.43356570598695787,0.6666666666131086,0.9274242318974294,0.36516078360937176,0.6699488620238868,0.8075812628411985,0.11031905500508282,0.5874996300181038,0.6666666666131087,0.9274242318974292,0.3889982568702774,0.682915568664766,0.8105786888495271,0.11033083208847835,0.5875489166365185
15.625,0.0,0.0,0.3720992545879569,0.437201499507656,0.6666666666222655,0.927424231898522,0.36267561489977773,0.6675401813579448,0.8068002887363033,0.11127664150566637,0.5923730219905793,0.6666666666222656,0.9274242318985219,0.38686174774043525,0.6809770897091487,0.8099503629674201,0.11129254344002247,0.592442737092251
15.75,0.0,0.0,0.37510335137773254,0.440823811262947,0.6666666666298569,0.9274242318994275,0.3602732797512431,0.6651553595883141,0.8060169507820912,0.11223224979257646,0.5972278541202792,0.6666666666298569,0.9274242318994266,0.3847864435758413,0.6790610554597972,0.8093229404004698,0.11225248023937463,0.5973189199494615
15.875,0.0,0.0,0.37815039052877414,0.4444325266201786,0.6666666666361503,0.9274242319001784,0.3579527561157127,0.6627958526312583,0.8052317318932436,0.11318588175589954,0.6020639516558437,0.6666666666361503,0.9274242319001776,0.3827711173259943,0.67716802409632,0.8086967004466706,0.11321064846140774,0.6021773012053288
16.0,0.0,0.0,0.38124005508183106,0.4480275294113401,0.6666666666413676,0.9274242319008,0.3557129586593588,0.6604630723620035,0.8044451233550293,0.11413753990890642,0.606881139676287,0.6666666666413676,0.9274242319007999,0.3808145432398986,0.675298520709844,0.80807191978616,0.11416705442019494,0.6070177147652028
16.125,0.0,0.0,0.38437190371382507,0.4516087018402682,0.6666666666456931,0.9274242319013165,0.3535527439116232,0.6581583840854164,0.8036576239279886,0.11508722739839848,0.6116792430520466,0.6666666666456931,0.9274242319013163,0.378915498817774,0.6734530375535056,0.8074488721768477,0.11512170476527087,0.6118399923315178
16.25,0.0,0.0,0.3875453778730921,0.4551759243879594,0.666666666649279,0.9274242319017444,0.3514709152678383,0.6558831041943814,0.8028697389231706,0.11603494801382232,0.6164580863964283,0.666666666649279,0.9274242319017435,0.3770727665839309,0.671632034343603,0.8068278281572241,0.1160746064774928,0.6166439632884014
16.375,0.0,0.0,0.3907598088249301,0.4587290757159641,0.6666666666522518,0.9274242319020991,0.3494662278312843,0.6536384980186168,0.8020819792506928,0.11698070619511912,0.6212174940073237,0.6666666666522518,0.9274242319020983,0.37528513569054195,0.6698359386076521,0.8062090547567416,0.11702576686451195,0.621429454582086
16.5,0.0,0.0,0.3940144245864459,0.46226803256784865,0.6666666666547162,0.9274242319023929,0.3475373930834125,0.6514257778656571,0.8012948604444777,0.11792450703927443,0.6259572897990844,0.6666666666547163,0.9274242319023924,0.37355140336192155,0.6680651460756879,0.8055928152141255,0.11797519355586533,0.6261962905972278
16.625,0.0,0.0,0.3973083567326181,0.46579266966872773,0.6666666666567594,0.9274242319026365,0.34568308337357373,0.6492461012547793,0.8005089016660937,0.11886635630554011,0.6306772972244729,0.6666666666567594,0.927424231902636,0.3718703761887656,0.6663200211112454,0.804979368703945,0.11892289449769985,0.6309442930292601
16.75,0.0,0.0,0.4006406470581445,0.46930285962287877,0.6666666666584532,0.9274242319028384,0.34390193622196663,0.647100569343769,0.7997246246907008,0.11980626041930341,0.6353773391866447,0.6666666666584533,0.9274242319028384,0.37024087128157773,0.6646008971785708,0.8043689700717452,0.11986887794713966,0.6356732807529032
16.875,0.0,0.0,0.40401025408196134,0.4727984728094642,0.6666666666598575,0.9274242319030055,0.34219255843166196,0.6449902255475899,0.7989425528781754,0.12074422647458284,0.6400572379411442,0.6666666666598575,0.927424231903006,0.3686617172922724,0.66290807734272,0.8037618695780149,0.1208131524663093,0.6403830696869742
17.0,0.0,0.0,0.4074160593834409,0.4762793772763964,0.6666666666610217,0.9274242319031442,0.34055353000743976,0.642916054347267,0.7981632101325459,0.12168026223513398,0.6447168149879295,0.6666666666610217,0.9274242319031447,0.3671317553126469,0.6612418347993296,0.8031583126512425,0.12175572691602436,0.64507347265564
17.125,0.0,0.0,0.41085687376112007,0.479745438632402,0.6666666666619869,0.9274242319032598,0.33898340788085835,0.6408789802865776,0.7973871198529399,0.12261437613415295,0.6493558909534799,0.6666666666619868,0.9274242319032594,0.3656498396581066,0.6596024134309678,0.8025585396502881,0.12269661044916257,0.649744299246277
17.25,0.0,0.0,0.41433144320644155,0.48319651993734325,0.6666666666627871,0.9274242319033551,0.3374807294424022,0.6388798671535013,0.7966148038792865,0.12354657727256996,0.6539742854630697,0.666666666662787,0.9274242319033553,0.36421483854467906,0.6579900283871042,0.8019627856362772,0.12363581250372829,0.6543953556641051
17.375,0.0,0.0,0.4178384546864443,0.48663248159087913,0.6666666666634503,0.9274242319034343,0.336044015882795,0.6369195173427767,0.795846781436069,0.12447687541592868,0.6585718170033308,0.6666666666634502,0.9274242319034344,0.3628256346670283,0.6564048666848653,0.8013712801542012,0.12457334279562292,0.6590264445837801
17.5,0.0,0.0,0.42137654173058414,0.49005318121955604,0.6666666666640002,0.9274242319035003,0.3346717753465871,0.6349986713953731,0.7950835680774503,0.12540528098985318,0.6631483027752655,0.6666666666640001,0.9274242319034999,0.361481125684811,0.6548470878278756,0.80078424702439,0.12550921131113577,0.6636373649981419
17.625,0.0,0.0,0.42494428981799437,0.49345847356243366,0.6666666666644562,0.9274242319035545,0.33336250590198924,0.6331180077101859,0.7943256746371247,0.12633180507410693,0.6677035585379045,0.6666666666644561,0.9274242319035542,0.3601802246243706,0.6533168244406146,0.8002019041440012,0.1264434282991672,0.6682279120643249
17.75,0.0,0.0,0.42854024156244863,0.4968482103553684,0.6666666666648341,0.9274242319035995,0.33211469833161683,0.6312781424228125,0.7935736061862538,0.12725645939525404,0.6722373984428472,0.666666666664834,0.9274242319035999,0.35892186020239153,0.6518141829158514,0.7996244632986514,0.1273760042631994,0.6727978769474614
17.875,0.0,0.0,0.43216290169317756,0.5002222402140899,0.6666666666651474,0.9274242319036367,0.33092683874934964,0.6294796294458606,0.7928278610028474,0.1281792563179377,0.6767496348599665,0.6666666666651473,0.9274242319036364,0.3577049770777856,0.6503392440728515,0.7990521299842969,0.12830694995302758,0.677347046662215
18.0,0.0,0.0,0.4358107418304034,0.5035804085162259,0.6666666666654072,0.9274242319036671,0.3297974110489351,0.6277229606648772,0.7920889295559362,0.12910020883479295,0.6812400781945843,0.6666666666654071,0.9274242319036674,0.35652853603773915,0.6488920638241729,0.7984851032394483,0.12923627635626603,0.6818752039124076
18.125,0.0,0.0,0.4394822050551759,0.5069225572824421,0.6666666666656225,0.9274242319036934,0.328724899190244,0.6260085662836645,0.7913572935078484,0.13001933055501885,0.68570853669649,0.6666666666656225,0.9274242319036932,0.3553915141234979,0.6474726738489984,0.7979235754877946,0.13016399468964257,0.6863821269290145
18.25,0.0,0.0,0.4431757102736651,0.5102485250568863,0.666666666665801,0.9274242319037146,0.3277077893293062,0.6243368153124657,0.7906334247378592,0.1309366356916366,0.6901548162611953,0.666666666665801,0.9274242319037148,0.35429290470113906,0.6460810822710725,0.7973677323912807,0.13109011639009654,0.6908675893068286
18.375,0.0,0.0,0.44688965637662287,0.5135581467871436,0.666666666665949,0.9274242319037325,0.3267445717983651,0.6227080161922535,0.7899177843904244,0.1318521390474656,0.6945787202238749,0.6666666666659491,0.9274242319037331,0.3532317174822537,0.6447172743394339,0.7968177527136779,0.13201465310569296,0.6953313598401125
18.5,0.0,0.0,0.4506224261952252,0.5168512537039265,0.6666666666660717,0.9274242319037469,0.32583374294222955,0.621122417548153,0.7892108219511248,0.13276585599985416,0.69898004914648,0.6666666666660718,0.927424231903748,0.3522069784991518,0.6433812131102497,0.7962738081946568,0.13293761668636853,0.6997732023575828
18.625,0.0,0.0,0.4543723902549481,0.5201276732007468,0.6666666666661735,0.9274242319037596,0.32497380681719606,0.6195802090648463,0.7885129743533594,0.13367780248420466,0.7033586005985614,0.6666666666661735,0.9274242319037586,0.3512177300389108,0.642072840128174,0.7957360634343639,0.13385901917452248,0.7041928755570916
18.75,0.0,0.0,0.4581379103295895,0.5233872287138396,0.6666666666662578,0.9274242319037687,0.32416327675873646,0.6180815224766786,0.7878246651187122,0.13458799497633733,0.7077141689323777,0.6666666666662577,0.9274242319037689,0.3502630305403017,0.6407920761057612,0.7952046757884805,0.13477887279546744,0.7085901328404073
18.875,0.0,0.0,0.46191734279790303,0.526629739602625,0.6666666666663276,0.9274242319037773,0.3234006768240607,0.6166264326650697,0.7871463035337913,0.135496450473741,0.7120465450529194,0.6666666666663277,0.927424231903777,0.34934195445735705,0.6395388215995755,0.7946797952737257,0.13569718994775332,0.712964722148508
19.0,0.0,0.0,0.46570904180573597,0.5298550210310292,0.6666666666663855,0.9274242319037843,0.32268454311552897,0.6152149588557673,0.7864782838661969,0.13640318647576208,0.7163555161835148,0.6666666666663856,0.927424231903784,0.348453592093093,0.6383129576817398,0.794161564483749,0.13661398319337895,0.7173163857978507
19.125,0.0,0.0,0.4695113622368949,0.5330628838499987,0.6666666666664336,0.92742423190379,0.3220134249907321,0.6138470659084317,0.7858209846221158,0.13730822096278714,0.7206408656277427,0.6666666666664337,0.9274242319037895,0.3475970494066507,0.6371143466057677,0.7936501185153427,0.13752926524790535,0.7216448603180972
19.25,0.0,0.0,0.47332266249633287,0.5362531344815826,0.6666666666664735,0.9274242319037947,0.32138588616490243,0.6125226656910343,0.7851747678478703,0.13821157237447695,0.7249023725284153,0.6666666666664736,0.9274242319037943,0.34677144779690006,0.6359428324656204,0.7931455849048844,0.1384430489704841,0.725949876291821
19.375,0.0,0.0,0.4771413071095578,0.5394255748049733,0.6666666666665065,0.9274242319037986,0.32080050571112473,0.611241618531568,0.7845399784775602,0.1391132595871135,0.7291398116244482,0.6666666666665065,0.9274242319037989,0.3459759238653378,0.6347982418470245,0.7926480835749043,0.13935534735381444,0.7302311581967524
19.5,0.0,0.0,0.4809656691425246,0.5425800020449382,0.666666666666534,0.9274242319038019,0.32025587896365315,0.6100037347396177,0.7839169437287429,0.14001330189012362,0.7333529530064834,0.6666666666665338,0.9274242319038017,0.34520962916090997,0.6336803844701709,0.7921577267906621,0.1402661735140436,0.7344884242511635
19.625,0.0,0.0,0.4847941324465368,0.5457162086630929,0.6666666666665566,0.9274242319038049,0.3197506183294505,0.6088087761904096,0.7833059725478848,0.1409117189618448,0.7375415618721756,0.6666666666665565,0.9274242319038047,0.3444717299092037,0.6325890538230127,0.7916746191265925,0.14117554068062146,0.738721386263024
19.75,0.0,0.0,0.48862509373303803,0.5488339822525203,0.6666666666665754,0.927424231903807,0.3192833540128872,0.6076564579640605,0.7827073551070994,0.14180853084460393,0.7417053982821155,0.6666666666665754,0.927424231903807,0.34376140672828376,0.6315240277844496,0.7911988574424754,0.14208346218612528,0.7429297494836276
19.875,0.0,0.0,0.49245696448340665,0.5519331054362523,0.666666666666591,0.9274242319038086,0.31885273465836894,0.6065464500328785,0.7821213623534634,0.14270375791917528,0.7458442169173934,0.6666666666665909,0.9274242319038085,0.3430778543332874,0.6304850692367804,0.7907305308691618,0.14298995145606552,0.7471132124664077
20.0,0.0,0.0,0.4962881726991704,0.5550133557701876,0.666666666666604,0.9274242319038102,0.3184574279154837,0.6054783789897122,0.7815482456119636,0.14359742087869323,0.7499577668398847,0.6666666666666039,0.92742423190381,0.34242028123174245,0.62947192666687,0.7902697208036816,0.14389502199868606,0.7512714669317325
20.125,0.0,0.0,0.5001171644983132,0.5580745056510484,0.6666666666666147,0.9274242319038115,0.3180961209311073,0.6044518298105236,0.7809882362428963,0.14448954070209016,0.7540457912563672,0.6666666666666146,0.9274242319038117,0.3417879094114421,0.6284843347555618,0.7898165009135419,0.14479868739477122,0.7554041976385125
20.25,0.0,0.0,0.5039424055635738,0.5611163222300233,0.6666666666666236,0.9274242319038131,0.3177675207727527,0.6034663476445506,0.7804415453542928,0.1453801386271343,0.7581080272876523,0.6666666666666236,0.927424231903813,0.34117997402258404,0.6275220149549283,0.7893709371500134,0.1457009612874714,0.7595110822635112
20.375,0.0,0.0,0.5077623824488713,0.5641385673327873,0.6666666666666309,0.9274242319038138,0.3174703547873081,0.6025214396256435,0.7799083635697086,0.14626923612314158,0.7621442057439539,0.6666666666666309,0.9274242319038141,0.34059572305576646,0.6265846760530288,0.7889330877701913,0.14660185737215994,0.7635917912893113
20.5,0.0,0.0,0.5115756037501964,0.5671409973866344,0.666666666666637,0.9274242319038144,0.31720337089916906,0.6016165766985879,0.7793888608514645,0.14715685486343613,0.7661540509077845,0.666666666666637,0.9274242319038144,0.3400344170173331,0.6256720147259031,0.788503003367609,0.14750138938633095,0.7676459879019417
20.625,0.0,0.0,0.5153806011474847,0.5701233633555105,0.6666666666666421,0.9274242319038151,0.3169653378516567,0.6007511954544816,0.7788831863791966,0.1480430166976332,0.7701372803257102,0.6666666666666421,0.927424231903815,0.3394953286034619,0.6247837160765964,0.7880807269111683,0.14839957109955249,0.7716733278992507
20.75,0.0,0.0,0.5191759303241468,0.573085410683772,0.6666666666666463,0.9274242319038155,0.3167550453954863,0.5999246999694928,0.778391468483326,0.1489277436238197,0.774093604610373,0.6666666666666463,0.9274242319038155,0.33897774237431494,0.6239194541610724,0.7876662937921457,0.14929641630348175,0.7756734596111531
20.875,0.0,0.0,0.5229601717711,0.5760268792495626,0.6666666666666499,0.9274242319038163,0.3165713044279492,0.5991364636416041,0.7779138146328344,0.14981105776070422,0.778022727254231,0.6666666666666498,0.9274242319038158,0.33848095442948356,0.6230788925009241,0.7872597318790264,0.15019193880195655,0.7796460238329773
21.0,0.0,0.0,0.5267319314822135,0.5789475033287432,0.6666666666666528,0.9274242319038164,0.31641294708637147,0.5983858310202407,0.7774503114765073,0.15069298131980993,0.7819243444565289,0.6666666666666526,0.9274242319038162,0.3380042720858998,0.6222616845828557,0.7868610615799077,0.15108615240117132,0.7835906537731866
21.125,0.0,0.0,0.5304898415482144,0.5818470115703644,0.6666666666666551,0.9274242319038166,0.3162788267993174,0.5976721196239686,0.7770010249365876,0.1515735365777805,0.7857981449650797,0.6666666666666551,0.9274242319038171,0.337547013559327,0.6214674743449584,0.7864702959122112,0.15197907089994797,0.7875069750168356
21.25,0.0,0.0,0.5342325606561512,0.5847251269847343,0.6666666666666571,0.9274242319038168,0.31616781829891655,0.5969946217417671,0.7765660003535783,0.15245274584886806,0.7896438099344876,0.6666666666666571,0.9274242319038171,0.33710850765048705,0.6206958966498552,0.7860874405794389,0.15287070808011102,0.7913946055061941
21.375,0.0,0.0,0.5379587745015504,0.587581566945182,0.6666666666666587,0.9274242319038171,0.31607881759761114,0.5963526062136777,0.776145262680741,0.15333063145767187,0.7934610128025104,0.6666666666666586,0.9274242319038171,0.33668809343683964,0.6199465777448423,0.7857124940547003,0.15376107769697622,0.7952531555400495
21.5,0.0,0.0,0.5416671961204241,0.5904160432046834,0.6666666666666601,0.9274242319038172,0.3160107419325447,0.595745320186959,0.775738816726651,0.15420721571219112,0.797249419186318,0.66666666666666,0.9274242319038172,0.33628511997098703,0.6192191357092006,0.7853454476707432,0.15465019346996128,0.7990822277932759
21.625,0.0,0.0,0.5453565661482914,0.5932282619285659,0.6666666666666613,0.9274242319038173,0.31596252968072924,0.5951719908441856,0.7753466474440003,0.15508252087725644,0.8010086868004642,0.6666666666666612,0.9274242319038178,0.3358989459866472,0.6185131808889017,0.7849862857162097,0.15553806907332698,0.8028814173583388
21.75,0.0,0.0,0.5490256530133168,0.5960179237445729,0.6666666666666622,0.9274242319038175,0.3159331402480625,0.5946318271000517,0.7749687202626897,0.15595656914839892,0.804738465398451,0.6666666666666621,0.9274242319038177,0.3355289396131086,0.6178283163189714,0.7846349855378486,0.15642471812705722,0.8066503118104814
21.875,0.0,0.0,0.5526732530706466,0.5987847238116211,0.666666666666663,0.9274242319038176,0.31592155393519195,0.5941240212639584,0.7746049814651077,0.1568293826262153,0.808438396739822,0.6666666666666629,0.9274242319038181,0.3351744780990571,0.6171641381338249,0.7842915176484101,0.15731015418788463,0.8103884912984136
22.0,0.0,0.0,0.5562981906849085,0.601528351908647,0.6666666666666635,0.9274242319038177,0.31592677178315137,0.5936477506657728,0.7742553586013678,0.15770098329128324,0.8121081145847819,0.6666666666666635,0.927424231903818,0.33483494754664783,0.616520235965925,0.7839558458399516,0.15819439074047054,0.8140955286624131
22.125,0.0,0.0,0.5598993182677721,0.6042484925449741,0.6666666666666641,0.9274242319038177,0.3159478154016262,0.593202179242463,0.7739197609421745,0.15857139297967812,0.8157472447183912,0.6666666666666641,0.9274242319038177,0.3345097426566799,0.6158961933331578,0.7836279273022893,0.15907744118874392,0.8177709895817952
22.25,0.0,0.0,0.5634755162773222,0.6069448250937123,0.6666666666666645,0.9274242319038177,0.3159837267826326,0.592786459083616,0.7735980799668865,0.15944063335914008,0.8193554050064416,0.6666666666666645,0.9274242319038174,0.33419826648571777,0.6152915880153598,0.7833077127463322,0.15995931884740844,0.8214144327538109
22.375,0.0,0.0,0.5670256931858584,0.6096170239497175,0.6666666666666649,0.9274242319038177,0.3160335681023226,0.5923997319341432,0.7732901898842803,0.16030872590593548,0.8229322054851633,0.6666666666666649,0.9274242319038176,0.3338999302159982,0.6147059924204656,0.7829951465320412,0.1608400369336218,0.8250254101060671
22.5,0.0,0.0,0.5705487854225588,0.6122647587137012,0.6666666666666653,0.9274242319038178,0.31609642151355705,0.5920411306527685,0.77299594818345,0.16117569188245465,0.8264772484869581,0.6666666666666652,0.9274242319038177,0.33361415293895097,0.6141389739407891,0.782690166800762,0.16171960855885434,0.8286034670446346
22.625,0.0,0.0,0.5740437572972856,0.6148876944041056,0.6666666666666655,0.9274242319038178,0.31617138893181085,0.5917097806251774,0.7727151962122388,0.16204155231558381,0.8299901288043913,0.6666666666666654,0.9274242319038181,0.3333403614531593,0.6135900952999777,0.7823927056116889,0.1625980467209318,0.8321481427400549
22.75,0.0,0.0,0.5775096009115724,0.6174854916983904,0.6666666666666657,0.927424231903818,0.31625759181689683,0.5914048011309726,0.7724477597805746,0.16290632797588525,0.8334704338947032,0.6666666666666656,0.9274242319038181,0.3330779900775796,0.6130589148912213,0.7821026890822239,0.16347536429626766,0.8356589704534939
22.875,0.0,0.0,0.580945336062636,0.6200578072053966,0.6666666666666659,0.9274242319038177,0.31635417095291757,0.5911253066638456,0.7721934497860641,0.1637700393576171,0.8369177441271198,0.6666666666666659,0.9274242319038175,0.3328264804808358,0.612544987107325,0.7818200375320056,0.16435157403229017,0.8391354779053154
23.0,0.0,0.0,0.5843500101460022,0.6226042937704573,0.666666666666666,0.9274242319038172,0.31646028622876754,0.5908704082046203,0.7719520628592097,0.16463270665961954,0.8403316330752496,0.666666666666666,0.9274242319038184,0.3325852815274002,0.6120478626632873,0.781544665630392,0.16522668854006806,0.8425771876883599
23.125,0.0,0.0,0.5877226980620875,0.6251246008149252,0.6666666666666661,0.9274242319038182,0.3165751164214242,0.5906392144470588,0.7717233820256288,0.1654943497670911,0.8437116678568508,0.6666666666666661,0.9274242319038177,0.3323538491414648,0.6115670889120579,0.7812764825471927,0.16610072028713976,0.8459836177282078
23.25,0.0,0.0,0.59106250213179,0.6276183747117623,0.6666666666666662,0.9274242319038181,0.31669785898417313,0.5904308329765462,0.7715071773826884,0.16635498823427575,0.8470574095232317,0.6666666666666662,0.9274242319038177,0.33213164618929847,0.6111022101541715,0.7810153921064585,0.16697368159055,0.8493542817926788
23.375,0.0,0.0,0.5943685520258681,0.6300852591988088,0.6666666666666663,0.927424231903818,0.3168277298418169,0.5902443714019755,0.771303206788013,0.1672146412680768,0.8503684135005061,0.6666666666666662,0.927424231903818,0.3319181423808756,0.6106527679419852,0.7807612929431458,0.16784558461009727,0.8526886900527728
23.5,0.0,0.0,0.5976400047125652,0.632524895831285,0.6666666666666663,0.927424231903818,0.3169639631948196,0.5900789384413538,0.7711112165573841,0.16807332771261188,0.8536442300848713,0.6666666666666663,0.927424231903818,0.331712814191544,0.6102183013792661,0.7805140786624916,0.16871644134179628,0.8559863496971863
23.625,0.0,0.0,0.6008760444276237,0.6349369244750167,0.6666666666666664,0.9274242319038181,0.3171058113342313,0.5899336449618254,0.7709309421696129,0.16893106603471805,0.8568844049939933,0.6666666666666664,0.9274242319038181,0.3315151448044813,0.6097983474169024,0.7802736380019428,0.16958626361155796,0.8592467656024322
23.75,0.0,0.0,0.6040758826704791,0.6373209838417643,0.6666666666666664,0.9274242319038181,0.3172525444691252,0.5898076049749799,0.7707621089760545,0.16978787431041492,0.8600884799764762,0.6666666666666664,0.9274242319038181,0.33132462407466085,0.6093924411455234,0.7800398549955027,0.17045506306909097,0.8624694410604624
23.875,0.0,0.0,0.6072387582300718,0.6396767120679262,0.6666666666666664,0.927424231903818,0.31740345056816527,0.5896999365884574,0.7706044329125143,0.17064377021232863,0.8632559934812561,0.6666666666666664,0.9274242319038181,0.3311407485150168,0.6090001160858352,0.779812609140366,0.17132285118202706,0.8656538785655257
24.0,0.0,0.0,0.6103639372433406,0.6420037473377271,0.6666666666666664,0.9274242319038181,0.31755783521679576,0.5896097629150057,0.7704576212114002,0.17149877099807817,0.8663864813885995,0.6666666666666664,0.9274242319038181,0.33096302130545485,0.6086209044774874,0.7795917755657354,0.17218963923027317,0.8687995806617852
24.125,0.0,0.0,0.6134507132890552,0.6443017285518239,0.6666666666666664,0.9274242319038181,0.31771502149141406,0.5895362129402556,0.7703213731120706,0.17235289349962282,0.8694794778041802,0.6666666666666664,0.9274242319038181,0.3307909523253057,0.6082543375672975,0.7793772252037217,0.1730554383005933,0.8719060508529779
24.25,0.0,0.0,0.6164984075192131,0.6465702960420532,0.6666666666666664,0.9274242319038181,0.3178743498517483,0.5894784223505968,0.7701953805674494,0.1732061541135635,0.8725345159174648,0.6666666666666664,0.9274242319038181,0.33062405820975727,0.6078999458976603,0.7791688249622443,0.17392025928142216,0.8749727945751097
24.375,0.0,0.0,0.6195063688298457,0.6488090923327956,0.6666666666666664,0.9274242319038181,0.3180351780525163,0.5894355343226143,0.7700793289450845,0.1740585687923943,0.8755511289253747,0.6666666666666664,0.9274242319038181,0.3304618624307299,0.6075572595959738,0.7789664378998696,0.1747841128579134,0.8779993202328418
24.5,0.0,0.0,0.6224739740725251,0.6510177629491481,0.6666666666666664,0.9274242319038181,0.31819688107528205,0.5894067002756295,0.7699728977209519,0.17491015303669216,0.8785288510218541,0.6666666666666664,0.9274242319038181,0.3303038954025751,0.6072258086659054,0.778769923402529,0.17564700950722464,0.8809851402998435
24.625,0.0,0.0,0.6254006283074809,0.653195957271783,0.6666666666666664,0.9274242319038181,0.31835885108126527,0.5893910805889423,0.769875761164429,0.1757609218882344,0.8814672184536184,0.6666666666666664,0.9274242319038181,0.33014969461287985,0.6069051232813103,0.7785791373620798,0.17650895949404175,0.8839297724829506
24.75,0.0,0.0,0.6282857650986506,0.6553433294380075,0.6666666666666664,0.9274242319038181,0.31852049738568017,0.5893878452854155,0.7697875890129828,0.1766108899240298,0.8843657706419412,0.6666666666666664,0.9274242319038181,0.32999880477854804,0.6065947340835998,0.7783939323566818,0.17736997286634412,0.88683274094948
24.875,0.0,0.0,0.6311288468505225,0.6574595392881482,0.6666666666666664,0.927424231903818,0.3186812464540651,0.5893961746830658,0.7697080471352473,0.1774600712512481,0.8872240513698756,0.6666666666666664,0.9274242319038181,0.3298507780272047,0.6062941724833308,0.7782141578329741,0.178230059451414,0.8896935776165172
25.0,0.0,0.0,0.6339293651859622,0.6595442533559466,0.6666666666666665,0.927424231903818,0.3188405419202741,0.5894152600163991,0.7696367981812878,0.1783084795030306,0.890041610033782,0.6666666666666664,0.9274242319038181,0.3297051741038242,0.6060029709667588,0.7780396602900481,0.1790892288520914,0.8925118235003954
25.125,0.0,0.0,0.6366868413639891,0.6615971459011829,0.6666666666666665,0.927424231903818,0.31899784462785125,0.5894443040289545,0.7695735022189746,0.17915612783516305,0.8928180029575226,0.6666666666666664,0.9274242319038181,0.32956156060232944,0.605720663408055,0.7778702834652221,0.17994749044327693,0.8952870301239432
25.25,0.0,0.0,0.6394008267351595,0.6636178999822299,0.6666666666666665,0.927424231903818,0.3191526326913807,0.5894825215391543,0.7695178173555044,0.1800030289235909,0.8955527947669912,0.6666666666666664,0.9274242319038181,0.3294195132217315,0.6054467853878459,0.7777058685216311,0.18080485336868524,0.8980187609783873
25.375,0.0,0.0,0.6420709032325628,0.6656062085657071,0.6666666666666665,0.927424231903818,0.3193044015808606,0.5895291399805602,0.7694694003432472,0.18084919496275598,0.8982455598220621,0.6666666666666664,0.9274242319038181,0.3292786160461909,0.6051808745186713,0.7775462542376526,0.18166132653785064,0.9007065930360519
25.5,0.0,0.0,0.644696683894984,0.6675617756698191,0.6666666666666665,0.927424231903818,0.3194526642260829,0.5895833999184941,0.7694279071691825,0.18169463766473187,0.9008958837023092,0.6666666666666664,0.9274242319038181,0.3291384618481753,0.604922470777897,0.7773912771981901,0.1825169186233876,0.9033501183092185
25.625,0.0,0.0,0.6472778134185874,0.6694843175373795,0.6666666666666665,0.927424231903818,0.31959695114093145,0.589644555544387,0.7693929936273256,0.18253936825913533,0.903503364742104,0.6666666666666664,0.927424231903818,0.3289986524136667,0.6046711168485394,0.7772407719878452,0.1833716380585085,0.9059489454496948
25.75,0.0,0.0,0.6498139687327208,0.6713735638338868,0.6666666666666665,0.927424231903818,0.3197368105662627,0.5897118751493242,0.7693643158736374,0.1833833974937896,0.9060676156099308,0.6666666666666664,0.9274242319038181,0.3288587988881368,0.6044263584683764,0.7770945713860009,0.18422549303480068,0.9085027013827944
25.875,0.0,0.0,0.652304859594775,0.6732292588654003,0.6666666666666665,0.9274242319038181,0.3198718086299047,0.5897846415781328,0.7693415309630172,0.1842267356361155,0.908588264925947,0.6666666666666664,0.927424231903818,0.32871852214176084,0.6041877447876233,0.7769525065638434,0.18507849150026554,0.9110110329685699
26.0,0.0,0.0,0.6547502291984191,0.675051162810322,0.6666666666666665,0.927424231903818,0.32000152952203753,0.5898621526652549,0.7693242973680701,0.18506939247522552,0.9110649589109967,0.6666666666666664,0.9274242319038181,0.3285774531520833,0.6039548287353442,0.7768144072833403,0.18593064115762178,0.913473608682274
26.125,0.0,0.0,0.657149854788893,0.6768390529585584,0.6666666666666666,0.9274242319038181,0.32012557568387834,0.5899437216535481,0.7693122754794299,0.18591137732469512,0.9134973630594507,0.6666666666666664,0.927424231903818,0.32843523340208064,0.6037271673946589,0.7766801020981859,0.1867819494628754,0.9158901203051606
26.25,0.0,0.0,0.6595035482784671,0.6785927249509242,0.6666666666666666,0.9274242319038181,0.3202435680078462,0.5900286775969158,0.7693051280875017,0.18675269902598715,0.9158851638273695,0.6666666666666664,0.9274242319038181,0.3282915152912986,0.6035043223866727,0.7765494185567159,0.18763242362415905,0.9182602846158957
26.375,0.0,0.0,0.6618111568544962,0.6803119940110564,0.6666666666666666,0.927424231903818,0.32035514604541965,0.5901163657478637,0.7693025208455435,0.18759336595250214,0.9182280703268202,0.6666666666666664,0.927424231903818,0.32814596255746453,0.6032858602629272,0.7764221834067737,0.18848207060084288,0.920583845072046
26.5,0.0,0.0,0.6640725635721679,0.6819966961615596,0.6666666666666666,0.9274242319038181,0.3204599682216608,0.5902061479303412,0.7693041227141122,0.1884333860142308,0.9205258160161297,0.6666666666666664,0.9274242319038181,0.3279982507057098,0.6030713529060193,0.7762982228025002,0.1893308971029193,0.9228605734703597
26.625,0.0,0.0,0.6662876879233369,0.6836466894156087,0.6666666666666666,0.9274242319038181,0.3205577120518259,0.5902974028986825,0.7693096063869047,0.18927276666298176,0.9227781603753747,0.6666666666666664,0.927424231903818,0.3278480674422695,0.6028603779378905,0.7761773625129921,0.1901789095906647,0.9250902715738754
26.75,0.0,0.0,0.668456486372598,0.6852618549348004,0.6666666666666666,0.9274242319038181,0.3206480743574456,0.5903895266828993,0.7693186486981138,0.19011151489816053,0.9249848905555765,0.6666666666666664,0.927424231903818,0.3276951131092789,0.6026525191351219,0.7760594281327539,0.191026114274579,0.9272727726933078
26.875,0.0,0.0,0.6705789528513416,0.6868420981437009,0.6666666666666666,0.927424231903818,0.32073077147817025,0.5904819329205419,0.769330931011443,0.19094963727307354,0.9271458229895172,0.6666666666666664,0.927424231903818,0.32753910111704954,0.6024473668504088,0.7759442452938389,0.19187251711560688,0.9294079432096802
27.0,0.0,0.0,0.6726551192003343,0.6883873497912806,0.6666666666666666,0.9274242319038181,0.3208055394756408,0.5905740531751393,0.7693461395909584,0.1917871399017331,0.9292608049515887,0.6666666666666664,0.927424231903818,0.3273797583699966,0.6022445184392196,0.7758316398795443,0.19271812382564146,0.9314956840248237
27.125,0.0,0.0,0.6746850555511981,0.6898975669492793,0.6666666666666666,0.927424231903818,0.3208721343254647,0.5906653372410519,0.7693639659539863,0.1926240284661382,0.9313297160537001,0.6666666666666664,0.927424231903818,0.3272168256822053,0.6020435786904698,0.7757214382394951,0.19356293986831255,0.9335359319261604
27.25,0.0,0.0,0.6766688706371855,0.6913727339375216,0.6666666666666666,0.927424231903818,0.3209303320932371,0.5907552534343763,0.7693841072062758,0.19346030822400767,0.9333524696640185,0.6666666666666664,0.927424231903818,0.32705005817847516,0.6018441602598739,0.7756134674059095,0.19440697046006128,0.9355286608521528
27.375,0.0,0.0,0.6786067120237377,0.6928128631663072,0.6666666666666667,0.9274242319038181,0.3209799290903791,0.590843288869378,0.7694062663596648,0.1942959840169408,0.9353290142352357,0.6666666666666664,0.927424231903818,0.32687922567657,0.6016458841044647,0.7755075553108057,0.1952502205715019,0.9374738830449366
27.5,0.0,0.0,0.6804987662494971,0.6942179958862424,0.6666666666666666,0.9274242319038181,0.32102074200599,0.5909289497196727,0.769430152632478,0.19513106027898236,0.9372593345290036,0.6666666666666664,0.927424231903818,0.3267041130463368,0.601448379916608,0.7754035310038647,0.19609269492907233,0.9393716500769894
27.625,0.0,0.0,0.6823452588690472,0.6955882028362775,0.6666666666666666,0.927424231903818,0.3210526080093856,0.5910117614634258,0.769455481732901,0.19596554104556926,0.9391434527237782,0.6666666666666664,0.927424231903818,0.32652452054134173,0.6012512865556824,0.7753012248706241,0.19693439801697296,0.9412220537392163
27.75,0.0,0.0,0.6841464543888353,0.6969235847812517,0.6666666666666666,0.9274242319038181,0.3210753848207087,0.5910912691113049,0.7694819761255511,0.19679942996283456,0.9409814293931411,0.6666666666666664,0.927424231903818,0.3263402640987115,0.6010542524754482,0.7752004688506324,0.19777533407939485,0.9430252267785733
27.875,0.0,0.0,0.6859026560887677,0.6982242729309444,0.6666666666666666,0.9274242319038181,0.3210889507442638,0.5911670374161416,0.7695093652814534,0.19763273029724804,0.9427733643429199,0.6666666666666664,0.927424231903818,0.3261511756029635,0.6008569361449946,0.7751010966551494,0.19861550712303555,0.9447813434742892
28.0,0.0,0.0,0.6876142057225922,0.6994904292334778,0.6666666666666666,0.9274242319038181,0.32109320466121605,0.5912386510629136,0.7695373859116219,0.19846544494556928,0.9445193972958579,0.6666666666666664,0.9274242319038181,0.32595710310976805,0.600659006461038,0.7750029439839339,0.19945492091990308,0.9464906200428977
28.125,0.0,0.0,0.6892814830912182,0.7007222465368924,0.6666666666666666,0.927424231903818,0.32108806597784745,0.5913057148375986,0.7695657821844153,0.1992975764450925,0.9462197084137502,0.6666666666666664,0.9274242319038181,0.32575791102580487,0.6004601431492463,0.7749058487406166,0.2002935790104047,0.9481533148636261
28.25,0.0,0.0,0.6909049054842407,0.7019199486138455,0.6666666666666666,0.927424231903818,0.3210734745259603,0.5913678537733549,0.7695943059268145,0.20012912698416074,0.9478745186481494,0.6666666666666664,0.9274242319038181,0.32555348024115704,0.6002600371521877,0.7748096512461132,0.20113148470671866,0.9497697285172148
28.375,0.0,0.0,0.6924849269861607,0.7030837900456143,0.6666666666666666,0.927424231903818,0.3210493904123633,0.5914247132724103,0.7696227168097485,0.20096009841292783,0.9494840899121344,0.6666666666666664,0.9274242319038181,0.3253437082110314,0.6000583910014469,0.7747141944494925,0.20196864109644672,0.9513402036329258
28.5,0.0,0.0,0.6940220376451471,0.7042140559629237,0.6666666666666666,0.927424231903818,0.3210157938147767,0.5914759592019935,0.769650782517559,0.20179049225434717,0.9510487250671951,0.6666666666666664,0.927424231903818,0.3251285089839921,0.5998549191714344,0.7746193241356776,0.2028050510465414,0.9528651245403164
28.625,0.0,0.0,0.695516762503556,0.7053110616425415,0.6666666666666666,0.9274242319038181,0.3209726847219612,0.5915212779626471,0.769678278901679,0.202620309715365,0.952568767720953,0.6666666666666664,0.927424231903818,0.32490781317435574,0.5996493484124061,0.7745248891293242,0.20364071720750526,0.9543449167242937
28.75,0.0,0.0,0.6969696604912495,0.7063751519600582,0.6666666666666666,0.9274242319038181,0.3209200826163089,0.591560376527105,0.7697049901185598,0.20344955169829856,0.9540446018334842,0.6666666666666664,0.927424231903818,0.32468156787689706,0.5994414180602529,0.7744307414941921,0.20447564201785484,0.9557800460839806
28.875,0.0,0.0,0.6983813231832331,0.7074067007007803,0.6666666666666666,0.9274242319038181,0.3208580260981468,0.5915929824485073,0.7697307087518827,0.2042782188123758,0.9554766511310729,0.6666666666666664,0.927424231903818,0.3244497365225658,0.5992308803206772,0.7743367367273003,0.20530982770884357,0.9571710179979758
29.0,0.0,0.0,0.6997523734268256,0.708406109732181,0.6666666666666666,0.927424231903818,0.32078657245028397,0.5916188438357718,0.7697552359190398,0.20510631138541807,0.9568653783300084,0.6666666666666664,0.927424231903818,0.3242122986744959,0.599017500525474,0.7742427339471397,0.20614327630943546,0.9585183762006623
29.125,0.0,0.0,0.7010834638423898,0.7093738080428412,0.6666666666666666,0.9274242319038181,0.3207057971441595,0.5916377292952271,0.7697783813618762,0.20593382947564248,0.9582112841725962,0.6666666666666664,0.927424231903818,0.32396924976419683,0.5988010573587542,0.7741485960752063,0.2069759896515215,0.9598227014762511
29.25,0.0,0.0,0.7023752752053917,0.7103102506542556,0.6666666666666666,0.9274242319038181,0.3206157932873341,0.5916494278368951,0.7697999635216615,0.20676077288356406,0.9595149062816133,0.6666666666666664,0.927424231903818,0.3237206007684381,0.5985813430511104,0.7740541900101124,0.20780796937536827,0.9610846101792114
29.375,0.0,0.0,0.7036285147178548,0.7112159174132398,0.6666666666666666,0.927424231903818,0.32051667101412423,0.5916537487443454,0.7698198095982596,0.207587141163976,0.9607768178402645,0.6666666666666664,0.927424231903818,0.3234663778279662,0.5983581635399089,0.7739593867935392,0.20863921693528953,0.9623047525915981
29.5,0.0,0.0,0.7048439141789189,0.7120913116739311,0.6666666666666666,0.927424231903818,0.32040855682133046,0.5916505214071496,0.7698377555934541,0.2084129336379872,0.9619976261068766,0.6666666666666664,0.927424231903818,0.32320662180981247,0.5981313385941048,0.7738640617672995,0.2094697336055277,0.9634838111295052
29.625,0.0,0.0,0.706022228065417,0.7129369588795018,0.6666666666666666,0.927424231903818,0.3202915928517264,0.5916395951151894,0.769853646338403,0.2092381494050955,0.9631779707752558,0.6666666666666664,0.927424231903818,0.32294138781555304,0.5979007019022187,0.7737680947208087,0.21029952048633424,0.9646224984124109
29.75,0.0,0.0,0.7071642315344099,0.7137534050546815,0.6666666666666666,0.9274242319038181,0.32016593612857397,0.5916208388143134,0.7698673355051983,0.21006278735527573,0.9643185221932069,0.6666666666666664,0.927424231903818,0.3226707446384559,0.5976661011223683,0.7736713700282788,0.2111285785102334,0.9657215552105209
29.875,0.0,0.0,0.7082707183605844,0.7145412152210052,0.6666666666666665,0.9274242319038178,0.32003175774493015,0.5915941408230875,0.7698786856025313,0.21088684618106082,0.9654199794531718,0.6666666666666664,0.927424231903818,0.3223947741729828,0.5974273978935322,0.7735737767749947,0.21195690844845907,0.9667817482863353
30.0,0.0,0.0,0.7093424988216661,0.7153009717473217,0.6666666666666666,0.9274242319038181,0.3198892420125889,0.5915594085107503,0.7698875679554844,0.21171032438959583,0.9664830683696605,0.6666666666666664,0.927424231903818,0.32211357078060326,0.5971844678075114,0.7734752088720697,0.2127845109175432,0.9678038681475161
30.125,0.0,0.0,0.7103803975471663,0.7160332726485611,0.6666666666666666,0.9274242319038181,0.3197385855741544,0.5915165679364038,0.7698938626694981,0.2125332203146419,0.9675085393607732,0.6666666666666664,0.927424231903818,0.32182724061630164,0.5969372003413588,0.7733755651591327,0.21361138638604665,0.9687887267287664
30.25,0.0,0.0,0.711385251342652,0.7167387298460007,0.6666666666666666,0.9274242319038181,0.31957999648548896,0.5914655634506274,0.76989745857862,0.2133555321285111,0.968497165248492,0.6666666666666664,0.9274242319038181,0.32153590092052686,0.5966854987503545,0.7732747494944555,0.21443753518141145,0.9697371550207683
30.375,0.0,0.0,0.7123579070063522,0.7174179674023307,0.6666666666666666,0.9274242319038181,0.3194136932722031,0.5914063572597255,0.7698982531781473,0.21417725785391026,0.9694497389972113,0.6666666666666664,0.927424231903818,0.3212396792816276,0.5964292799219142,0.7731726708320916,0.21526295749691857,0.9706500006643209
30.5,0.0,0.0,0.7132992191508672,0.7180716197447097,0.6666666666666666,0.9274242319038181,0.3192399039671145,0.5913389289543297,0.7698961525418595,0.21499839537567297,0.9703670714065348,0.6666666666666664,0.9274242319038183,0.32093871287403763,0.5961684741911226,0.7730692432856743,0.21608765339873415,0.9715281255276591
30.625,0.0,0.0,0.7142100480447133,0.7187003298886796,0.6666666666666666,0.927424231903818,0.3190588651341745,0.5912632750036215,0.7698910712240717,0.21581894245235994,0.9712499887764229,0.6666666666666664,0.9274242319038185,0.3206331476776201,0.5959030251188818,0.7729643861785903,0.21691162283302512,0.9723724032845219
30.75,0.0,0.0,0.7150912574871036,0.7193047476753585,0.6666666666666666,0.927424231903818,0.3188708208850423,0.5911794082169853,0.7698829321468003,0.21663889672770748,0.9720993305617666,0.6666666666666664,0.9274242319038188,0.32032313768365034,0.5956328892339495,0.7728580240803293,0.21773486563312613,0.9731837170099126
30.875,0.0,0.0,0.7159437127288814,0.7198855280337044,0.6666666666666666,0.9274242319038181,0.31867602189432903,0.591087357175114,0.7698716664723871,0.21745825574190464,0.9729159470331451,0.6666666666666664,0.9274242319038196,0.3200088440929099,0.5953580357404102,0.7727500868288885,0.2185573815267394,0.9739629568096514
31.0,0.0,0.0,0.7167682784516994,0.7204433292788982,0.6666666666666666,0.927424231903818,0.3184747244194786,0.5909871656328268,0.769857213462,0.21827701694267979,0.9737006969598195,0.6666666666666664,0.927424231903821,0.3196904345112842,0.5950784461923705,0.772640509539197,0.2193791701431485,0.9747110174988107
31.125,0.0,0.0,0.7175658168165518,0.7209788114570341,0.6666666666666666,0.927424231903818,0.3182671893310923,0.5908788918960756,0.7698395203204741,0.21909517769617845,0.974454445330142,0.6666666666666664,0.9274242319038232,0.3193680821481104,0.594794114137897,0.7725292325976111,0.2202002310204274,0.9754287963429514
31.25,0.0,0.0,0.7183371855915955,0.7214926347453617,0.6666666666666667,0.9274242319038181,0.31805368115941035,0.590762608175819,0.7698185420280347,0.2199127352976147,0.9751780611233749,0.6666666666666664,0.9274242319038238,0.3190419650223144,0.5945050447344123,0.7724162016426093,0.2210205636126257,0.9761171908747932
31.375,0.0,0.0,0.7190832363692174,0.7219854579162991,0.6666666666666666,0.9274242319038181,0.317834467161207,0.5906383999214979,0.7697942411595057,0.22072968698167855,0.975872415146988,0.6666666666666664,0.927424231903825,0.3187122651811037,0.5942112543379378,0.7723013675319098,0.2218401672969137,0.9767770967975629
31.5,0.0,0.0,0.7198048128768691,0.7224579368723837,0.6666666666666666,0.927424231903818,0.3176098164153276,0.5905063651373047,0.7697665876916089,0.22154602993268482,0.9765383779477997,0.6666666666666664,0.927424231903816,0.3183791679356732,0.5939127700687128,0.7721846862963017,0.22265904138066633,0.9774094059848213
31.625,0.0,0.0,0.7205027493934949,0.7229107232582318,0.6666666666666666,0.9274242319038181,0.31737999894545554,0.5903666136839567,0.7697355587991589,0.22236176129444563,0.9771768178129955,0.6666666666666664,0.9274242319038178,0.3180428611180205,0.5936096293558353,0.7720661190805678,0.22347718510847112,0.9780150045850862
31.75,0.0,0.0,0.7211778692713086,0.7233444631544899,0.6666666666666666,0.9274242319038181,0.3171452848806172,0.5902192665693506,0.7697011386408078,0.22317687817985543,0.9777885988641692,0.6666666666666664,0.9274242319038203,0.3177035343625801,0.5933018794636447,0.7719456320719443,0.2242945976690418,0.9785947712380784
31.875,0.0,0.0,0.7218309835701517,0.7237597958576802,0.6666666666666666,0.9274242319038181,0.3169059436528225,0.5900644552311338,0.7696633181352163,0.22399137768017277,0.9783745792554811,0.6666666666666664,0.9274242319038162,0.317361378415971,0.5929895770026227,0.7718231964166347,0.2251112782020217,0.9791495754079484
32.0,0.0,0.0,0.7224628898060236,0.7241573527487936,0.6666666666666666,0.927424231903818,0.3166622432364912,0.5899023208143499,0.7696220947284753,0.22480525687398864,0.9789356094808103,0.6666666666666664,0.9274242319038135,0.31701658447772113,0.5926727874276057,0.7716987881249513,0.22592722580466165,0.9796802758374076
32.125,0.0,0.0,0.7230743708154758,0.7245377562524775,0.6666666666666666,0.9274242319038181,0.3164144494320132,0.5897330134472663,0.7695774721536673,0.2256185128358696,0.9794725307947919,0.6666666666666664,0.9274242319038083,0.3166693435743948,0.5923515845260976,0.7715723879657226,0.22674243953835713,0.9801877191253183
32.25,0.0,0.0,0.723666193736259,0.7249016188877224,0.6666666666666666,0.9274242319038181,0.316162825195521,0.5895566915184319,0.7695294601834785,0.22643114264466613,0.9799861737510903,0.6666666666666664,0.9274242319038201,0.3163198459691109,0.5920260498994337,0.7714439813506445,0.22755691843503154,0.9806727384290034
32.375,0.0,0.0,0.7242391091035876,0.7252495424100617,0.6666666666666666,0.927424231903818,0.3159076300164567,0.5893735209579194,0.7694780743767995,0.22724314339147858,0.9804773568599732,0.6666666666666664,0.9274242319038201,0.31596828060800713,0.5916962724394854,0.7713135582093024,0.2283706615033521,0.9811361522913286
32.5,0.0,0.0,0.7247938500604078,0.7255821170445012,0.6666666666666666,0.927424231903818,0.31564911934400425,0.5891836745255948,0.7694233358202653,0.2280545121872723,0.9809468853660386,0.6666666666666664,0.9274242319038192,0.31561483460478057,0.5913623478035172,0.7711811128556216,0.22918366773476712,0.9815787635915129
32.625,0.0,0.0,0.7253311316792028,0.7258999208076578,0.6666666666666666,0.927424231903818,0.31538754406299313,0.5889873311091182,0.7693652708656921,0.2288652461701376,0.9813955501458282,0.6666666666666664,0.927424231903819,0.3152596927640383,0.5910243778896971,0.7710466438465342,0.22999593610935304,0.9820013586176234
32.75,0.0,0.0,0.7258516503920907,0.7262035189169495,0.6666666666666666,0.927424231903818,0.3151231500193432,0.588784675034231,0.769303910864373,0.22967534251218832,0.9818241267240532,0.6666666666666664,0.9274242319038195,0.31490303714380924,0.5906824703156457,0.7709101538336657,0.23080746560146279,0.9824047062578284
32.875,0.0,0.0,0.7263560835252281,0.7264934632841104,0.6666666666666666,0.9274242319038181,0.31485617759525053,0.5885758953896438,0.7692392918991797,0.2304847984260986,0.9822333744061102,0.6666666666666664,0.9274242319038228,0.314545046657211,0.5903367379022669,0.7707716494088636,0.2316182551851655,0.9827895573067175
33.0,0.0,0.0,0.7268450889332291,0.7267702920898328,0.6666666666666666,0.9274242319038181,0.3145868613322244,0.5883611853688717,0.7691714545154283,0.23129361117127142,0.9826240355241599,0.6666666666666664,0.9274242319038148,0.31418589671294467,0.5899872981649571,0.7706311409443881,0.2324283038394707,0.9831566438823399
33.125,0.0,0.0,0.7273193047283698,0.7270345294359368,0.6666666666666666,0.927424231903818,0.31431542960266173,0.5881407416307802,0.7691004434514104,0.23210177805964285,0.982996834792641,0.6666666666666665,0.9274242319038127,0.3138257588939951,0.5896342728141295,0.7704886424285914,0.23323761055333098,0.9835066789490714
33.25,0.0,0.0,0.7277793490994795,0.7272866850711548,0.6666666666666666,0.927424231903818,0.3140421043273186,0.5879147636807954,0.7690263073694994,0.23290929646111944,0.9833524787692283,0.6666666666666665,0.92742423190382,0.3134648006736543,0.5892777872668207,0.7703441712978982,0.23404617433041677,0.9838403559409826
33.375,0.0,0.0,0.728225820214796,0.7275272541863717,0.6666666666666666,0.927424231903818,0.3137671007376077,0.5876834532742914,0.7689490985886958,0.23371616380865184,0.983691655416285,0.6666666666666665,0.9274242319038192,0.3131031851677502,0.5889179701709787,0.77019774826589,0.23485399419366007,0.9841583484800496
33.5,0.0,0.0,0.7286592962030239,0.7277567172749881,0.6666666666666666,0.9274242319038181,0.31349062718080795,0.587447013843521,0.7688688728194388,0.2345223776029466,0.9840150337576509,0.6666666666666665,0.9274242319038154,0.31274107092177517,0.5885549529438557,0.7700493971502739,0.23566106918956323,0.9844613101833041
33.625,0.0,0.0,0.7290803352066727,0.7279755400539663,0.6666666666666666,0.927424231903818,0.3132128849661548,0.5872056499492433,0.768785688901478,0.23532793541682093,0.984323263625273,0.6666666666666665,0.9274242319038212,0.3123786117314371,0.5881888693257544,0.7698991446984952,0.23646739839227135,0.984749874552873
33.75,0.0,0.0,0.7294894755017189,0.7281841734410592,0.6666666666666666,0.9274242319038181,0.31293406824962705,0.5869595667579923,0.7686996085455474,0.23613283489920447,0.9846169754899902,0.6666666666666665,0.9274242319038271,0.31201595649502545,0.5878198549502056,0.7697470204127229,0.23727298090740614,0.9850246549427775
33.875,0.0,0.0,0.7298872356776787,0.728383053583734,0.6666666666666666,0.9274242319038181,0.3126543639551271,0.5867089695457292,0.7686106960795416,0.23693707377879472,0.9848967803706498,0.6666666666666665,0.9274242319038141,0.3116532490958825,0.587448046931484,0.7695930563749033,0.23807781587566273,0.9852862445963646
34.0,0.0,0.0,0.7302741148722346,0.7285726019353297,0.6666666666666666,0.9274242319038181,0.3123739517296673,0.5864540632284242,0.7685190181998418,0.23774064986737228,0.9851632698156874,0.6666666666666665,0.9274242319038145,0.3112906283131942,0.5870735834702057,0.7694372870725444,0.23888190247616822,0.9855352167482986
34.125,0.0,0.0,0.7306505930547077,0.7287532253740899,0.6666666666666666,0.927424231903818,0.31209300393012207,0.5861950519199279,0.7684246437283876,0.23854356106278382,0.985417015951311,0.6666666666666665,0.9274242319038161,0.31092822775926143,0.5866966034775941,0.7692797492258544,0.23968523992960497,0.985772124785156
34.25,0.0,0.0,0.7310171313528635,0.7289253163608156,0.6666666666666666,0.9274242319038182,0.31181168563899997,0.5859321385173294,0.7683276433760339,0.23934580535160122,0.9856585715905148,0.6666666666666665,0.9274242319038222,0.3105661758413873,0.5863172462188502,0.7691204816168132,0.24048782750110093,0.9859975024588252
34.375,0.0,0.0,0.7313741724176669,0.7290892531310353,0.6666666666666666,0.927424231903818,0.31153015470730355,0.5856655243137271,0.7682280895126838,0.24014738081146564,0.9858884703971574,0.6666666666666665,0.9274242319038073,0.310204595746509,0.5859356509759225,0.7689595249207208,0.24128966450288927,0.9862118641471104
34.5,0.0,0.0,0.7317221408210411,0.7292453999177578,0.6666666666666666,0.9274242319038181,0.31124856182064614,0.585395408638522,0.7681260559446265,0.24094828561312615,0.9861072270998557,0.6666666666666665,0.9274242319038162,0.309843605446712,0.5855519567298381,0.768796921540716,0.2420907502967421,0.986415705156164
34.625,0.0,0.0,0.7320614434816215,0.7293941072010514,0.6666666666666666,0.9274242319038181,0.3109670505882232,0.585121988524605,0.7680216176994584,0.24174851802218392,0.9863153377499921,0.6666666666666665,0.9274242319038157,0.3094833177238062,0.5851663018626341,0.7686327154457198,0.24289108429618253,0.9866095020596289
34.75,0.0,0.0,0.7323924701141402,0.7295357119809023,0.6666666666666666,0.927424231903818,0.3106857576507317,0.5848454584023095,0.7679148508189134,0.24254807640055104,0.9865132800190813,0.6666666666666665,0.9274242319038162,0.3091238402111706,0.5847788238788146,0.768466952012211,0.24369066596847982,0.9867937130696394
34.875,0.0,0.0,0.732715593698093,0.7296705380700049,0.6666666666666666,0.9274242319038181,0.31040481280569,0.5845660098194914,0.7678058321598668,0.24334695920763647,0.9867015135304759,0.6666666666666665,0.9274242319038143,0.3087652754511393,0.5843896591461574,0.7682996778702011,0.2444894948364334,0.9869687784351097
35.0,0.0,0.0,0.7330311709617708,0.7297988964033526,0.6666666666666666,0.9274242319038181,0.310124339147877,0.5842838311871311,0.7676946392037356,0.24414516500126987,0.9868804802208723,0.6666666666666665,0.9274242319038197,0.3084077209662597,0.5839989426555992,0.7681309407537265,0.245287570479952,0.9871351208630387
35.125,0.0,0.0,0.733339542877993,0.7299210853617129,0.6666666666666666,0.927424231903818,0.3098444532228614,0.5839991075497392,0.7675813498744428,0.24494269243837477,0.9870506047272947,0.6666666666666665,0.9274242319038234,0.30805126934282656,0.5836068077998506,0.7679607893561401,0.24608489253743374,0.9872931459588411
35.25,0.0,0.0,0.7336410351681768,0.7300373911062882,0.6666666666666666,0.927424231903818,0.3095652651916809,0.5837120203797768,0.7674660423650654,0.24573954027540304,0.9872122947955181,0.6666666666666665,0.9274242319038245,0.3076960083251782,0.5832133861703108,0.7677892731904393,0.2468814607069551,0.9874432426820201
35.375,0.0,0.0,0.7339359588117031,0.7301480879220733,0.6666666666666666,0.927424231903818,0.309286879004863,0.5834227473952276,0.7673487949732419,0.24653570736854263,0.9873659417061739,0.6666666666666665,0.9274242319038178,0.30734202091932505,0.5828188073717951,0.7676164424548292,0.24767727474727397,0.9875857838137803
35.5,0.0,0.0,0.7342246105577551,0.7302534385676294,0.6666666666666666,0.927424231903818,0.3090093925840848,0.5831314623994128,0.7672296859453721,0.24733119267371,0.9875119207150571,0.6666666666666665,0.9274242319038138,0.3069893855045611,0.5824231988545315,0.7674423479036818,0.24847233447865588,0.9877211264334635
35.625,0.0,0.0,0.7345072734371533,0.7303536946291962,0.6666666666666666,0.927424231903818,0.3087328980098993,0.5828383351420866,0.7671087933296007,0.24812599524634085,0.9876505915044327,0.6666666666666665,0.9274242319038157,0.30663817595179954,0.5820266857628361,0.7672670407240157,0.24926663978353003,0.9878496124009712
35.75,0.0,0.0,0.7347842172718791,0.7304490968772643,0.6666666666666666,0.9274242319038181,0.3084574817143002,0.5825435312007974,0.7669861948375578,0.24892011424098778,0.9877822986423342,0.6666666666666665,0.9274242319038106,0.3062884617474561,0.581629390799844,0.7670905724175866,0.25006019060698254,0.9879715688425939
35.875,0.0,0.0,0.7350556991806112,0.7305398756238991,0.6666666666666666,0.9274242319038181,0.3081832246751662,0.5822472118817263,0.766861967714649,0.24971354891074188,0.9879073720476627,0.6666666666666665,0.9274242319038256,0.30594030812179984,0.5812314341076354,0.7669129946886469,0.25085298695709524,0.9880873086379296
36.0,0.0,0.0,0.7353219640776223,0.7306262510793082,0.6666666666666666,0.9274242319038181,0.3079102026162378,0.5819495341382658,0.7667361886191554,0.25050629860648216,0.988026127457269,0.6666666666666665,0.9274242319038215,0.30559377618077777,0.5808329331620798,0.7667343593374031,0.2516450289051372,0.9881971309058111
36.125,0.0,0.0,0.7355832451648907,0.7307084337062875,0.6666666666666666,0.927424231903818,0.30763848620357126,0.5816506505074868,0.7666089335094081,0.2512983627759742,0.9881388668950463,0.6666666666666665,0.9274242319038217,0.3052489230403924,0.5804340026816993,0.7665547181591725,0.25243631658561727,0.988301321487387
36.25,0.0,0.0,0.7358397644147987,0.7307866245713562,0.6666666666666666,0.9274242319038181,0.3073681412449014,0.5813507090623492,0.7664802775394263,0.2520897409628208,0.9882458791390022,0.6666666666666665,0.9274242319038062,0.304905801962805,0.5800347545498494,0.7663741228492141,0.25322685019620483,0.9884001534247238
36.375,0.0,0.0,0.7360917330430496,0.7308610156915261,0.6666666666666666,0.927424231903818,0.30709922888734087,0.5810498533791484,0.7663502949625322,0.25288043280527933,0.988347440185727,0.6666666666666665,0.9274242319038117,0.304564462493399,0.5796352977495068,0.7661926249131851,0.25401662999752633,0.9884938874334861
36.5,0.0,0.0,0.7363393519705351,0.730931790375791,0.6666666666666666,0.927424231903818,0.3068318058131719,0.5807482225191525,0.7662190590428143,0.25367043803495715,0.9884438137103344,0.6666666666666665,0.9274242319038273,0.3042249505981356,0.5792357383099496,0.766010275583154,0.2548056563128468,0.9885827723684486
36.625,0.0,0.0,0.7365828122734742,0.7309991235605537,0.6666666666666666,0.927424231903818,0.306565924433312,0.5804459510233563,0.766086641974201,0.2544597564753939,0.9885352515206224,0.6666666666666665,0.9274242319038232,0.3038873088005872,0.578836179264628,0.7658271257390857,0.25559392952764115,0.9886670456807594
36.75,0.0,0.0,0.7368222956211479,0.7310631821383116,0.6666666666666666,0.9274242319038181,0.30630163307773994,0.5801431689194017,0.765953114806904,0.25524838804054134,0.9886219940042431,0.6666666666666665,0.9274242319038157,0.3035515763181094,0.5784367206195261,0.7656432258356873,0.2563814500890652,0.9887469338660354
36.875,0.0,0.0,0.7370579747007309,0.7311241252790441,0.6666666666666666,0.9274242319038181,0.30603897618235376,0.579840001739715,0.7658185473809785,0.25603633273315124,0.9887042705678817,0.6666666666666665,0.9274242319038116,0.30321778919666864,0.5780374593313284,0.7654586258345014,0.2571682185053312,0.9888226529025197
37.0,0.0,0.0,0.7372900136288378,0.7311821047438306,0.6666666666666666,0.9274242319038181,0.30577799447181625,0.579536570549942,0.7656830082667297,0.25682359064307925,0.9887823000675781,0.6666666666666665,0.9274242319038299,0.30288598044389997,0.5776384892947247,0.7652733751411089,0.25795423534499823,0.9888944086786587
37.125,0.0,0.0,0.737518568349521,0.7312372651903241,0.6666666666666666,0.9274242319038181,0.30551872513800793,0.5792329919867919,0.765546564711696,0.25761016194551556,0.988856291229469,0.6666666666666665,0.9274242319038226,0.30255618016004204,0.5772399013381938,0.7650875225473003,0.2587395012361799,0.9889623974095841
37.25,0.0,0.0,0.7377437870185478,0.7312897444697837,0.6666666666666666,0.9274242319038181,0.3052612020137733,0.5789293783044367,0.7654092825939287,0.2583960468991495,0.9889264430603519,0.6666666666666665,0.927424231903822,0.3022284156664262,0.576841783227634,0.7649011161780609,0.2595240168656796,0.9890268060420913
37.375,0.0,0.0,0.7379658103738781,0.7313396739154405,0.6666666666666666,0.9274242319038182,0.30500545574170806,0.5786258374286497,0.7652712263812816,0.25918124584427776,0.9889929452475849,0.6666666666666665,0.9274242319038163,0.30190271163125687,0.5764442196772253,0.7647142034432086,0.26030778297805846,0.9890878126478073
37.5,0.0,0.0,0.7381847720923375,0.73138717862204,0.6666666666666666,0.927424231903818,0.3047515139380068,0.5783224730178421,0.7651324590964433,0.2599657592008626,0.9890559785479184,0.6666666666666665,0.9274242319038111,0.301579090192447,0.5760472923669355,0.7645268309935164,0.2610908003746412,0.9891455868043305
37.625,0.0,0.0,0.7384007991325348,0.7314323777164583,0.6666666666666666,0.9274242319038178,0.3044994013496422,0.5780193845306726,0.7649930422873173,0.2607495874665491,0.9891157151651453,0.6666666666666665,0.9274242319038267,0.3012575710773303,0.5756510799661014,0.7643390446811464,0.2618730699124681,0.9892002899642012
37.75,0.0,0.0,0.7386140120642681,0.7314753846193477,0.6666666666666666,0.9274242319038178,0.3042491400095732,0.577716667298256,0.764853036002782,0.261532731214647,0.9891723191158666,0.6666666666666665,0.9274242319038232,0.30093817171910464,0.5752556581625368,0.7641508895242212,0.26265459250319606,0.9892520758116378
37.875,0.0,0.0,0.7388245253843435,0.7315163072978029,0.6666666666666666,0.927424231903818,0.3040007493819659,0.5774144126024034,0.7647124987730239,0.2623151910920859,0.9892259465840296,0.6666666666666665,0.927424231903813,0.3006209073698833,0.5748610996966534,0.7639624096753509,0.26343536911195653,0.9893010906070339
38.0,0.0,0.0,0.7390324478193026,0.7315552485090928,0.6666666666666666,0.9274242319038181,0.30375424650497823,0.5771127077572751,0.764571487594665,0.2630969678173482,0.9892767462634607,0.6666666666666665,0.9274242319038362,0.300305791210265,0.5744674744001006,0.7637736483939389,0.2642154007561739,0.9893474735192641
38.125,0.0,0.0,0.7392378826152033,0.7315923060355232,0.6666666666666666,0.927424231903818,0.3035096461272136,0.5768116361948563,0.7644300579201401,0.2638780621783864,0.9893248596887665,0.6666666666666665,0.9274242319038064,0.29999283445535674,0.5740748492384544,0.7635846480220829,0.26499468850435104,0.9893913569459003
38.25,0.0,0.0,0.7394409278147074,0.7316275729105414,0.6666666666666666,0.9274242319038181,0.30326696083853744,0.576511277553556,0.7642882636511126,0.2646584750305311,0.9893704215545531,0.6666666666666665,0.9274242319038154,0.29968204645721874,0.5736832883575117,0.7633954499638939,0.2657732334748243,0.9894328668214765
38.375,0.0,0.0,0.7396416765218599,0.7316611376362062,0.6666666666666666,0.9274242319038181,0.30302620119558166,0.5762117077693262,0.7641461571356714,0.2654382072943938,0.989413560023072,0.6666666666666665,0.9274242319038243,0.29937343480371614,0.5732928531327705,0.7632060946680539,0.266551036834495,0.9894721229139798
38.5,0.0,0.0,0.7398402171548727,0.7316930843921792,0.6666666666666666,0.9274242319038182,0.30278737584188364,0.5759129991688557,0.7640037891690464,0.26621725995377055,0.9894543970204253,0.6666666666666665,0.9274242319038274,0.2990670054137698,0.5729036022217033,0.7630166216134368,0.2673280997975393,0.9895092391097743
38.625,0.0,0.0,0.7400366336872709,0.7317234932364074,0.6666666666666666,0.9274242319038181,0.30255049162276043,0.5756152205643896,0.7638612089975912,0.2669956340535497,0.9894930485214991,0.6666666666666665,0.9274242319038076,0.29876276262901796,0.5725155916184557,0.7628270692976168,0.26810442362410347,0.9895443236871908
38.75,0.0,0.0,0.7402310058777698,0.7317524402976835,0.6666666666666666,0.9274242319038182,0.30231555369502233,0.575318437349762,0.7637184643257905,0.26777333069762904,0.9895296248238257,0.6666666666666665,0.9274242319038134,0.29846070930193436,0.5721288747106188,0.7626374752280972,0.2688800096189842,0.9895774795790361
38.875,0.0,0.0,0.7404234094892648,0.7317799979602833,0.6666666666666666,0.9274242319038217,0.3020825656316492,0.5750227115972583,0.7635756013260596,0.2685503510468458,0.9895642308105946,0.6666666666666665,0.9274242319038117,0.29816084688044264,0.5717435023377542,0.7624478759160909,0.2696548591303014,0.9896088046242949
39.0,0.0,0.0,0.7406139164973029,0.7318062350408909,0.6666666666666666,0.9274242319038325,0.30185152952155136,0.5747281021549602,0.7634326646511086,0.26932669631692263,0.9895969662030577,0.6666666666666665,0.9274242319038187,0.29786317548907804,0.5713595228513673,0.7622583068726926,0.2704289735481646,0.9896383918093103
39.125,0.0,0.0,0.7408025952884243,0.7318312169580293,0.6666666666666666,0.9274242319038252,0.3016224460645584,0.5744346647442488,0.7632896974486538,0.270102367776434,0.9896279258025868,0.6666666666666665,0.9274242319038256,0.29756769400675287,0.5709769821760549,0.7620688026072827,0.2712023543033365,0.9896663294987376
39.25,0.0,0.0,0.740989510848819,0.7318550058942178,0.6666666666666666,0.9274242319038196,0.3013953146619105,0.5741424520571391,0.7631467413782761,0.2708773667447945,0.9896571997226647,0.6666666666666665,0.9274242319038144,0.2972744001412057,0.5705959238715602,0.7618793966280117,0.2719750028658972,0.9896927016565791
39.375,0.0,0.0,0.7411747249434374,0.7318776609510866,0.6666666666666666,0.9274242319038182,0.30117013350143146,0.5738515138534418,0.7630038366301897,0.27165169459027333,0.98968487361104,0.6666666666666665,0.9274242319038085,0.2969832905002141,0.5702163891954967,0.7616901214442171,0.2727469207439106,0.9897175880576091
39.5,0.0,0.0,0.7413582962865205,0.7318992382976796,0.6666666666666666,0.927424231903818,0.3009468996405807,0.5735618970566726,0.7628610219458469,0.2724253527280358,0.9897110288624841,0.6666666666666665,0.9274242319038332,0.29669436065964966,0.5698384171665191,0.7615010085706314,0.2735181094820965,0.9897410644895032
39.625,0.0,0.0,0.7415402807029853,0.7319197913121703,0.6666666666666666,0.927424231903818,0.3007256090820166,0.5732736458500503,0.7627183346399944,0.273198342618215,0.9897357428222296,0.6666666666666665,0.9274242319038293,0.29640760522845133,0.5694620446277416,0.761312088533242,0.2742885706605102,0.9897632029459866
39.75,0.0,0.0,0.7417207312820632,0.7319393707172305,0.6666666666666666,0.927424231903818,0.3005062568484209,0.5729868017704629,0.7625758106242374,0.273970665764017,0.9897590889805514,0.6666666666666665,0.9274242319038214,0.29612301791061707,0.5690873063102134,0.7611233908766729,0.27505830589323227,0.9897840718113179
39.875,0.0,0.0,0.7418996985227377,0.7319580247092738,0.6666666666666666,0.9274242319038181,0.300288837051018,0.5727014038019702,0.7624334844317833,0.27474232370985674,0.9897811371587651,0.6666666666666665,0.9274242319038214,0.29584059156430986,0.5687142348962794,0.7609349441729628,0.2758273168270692,0.9898037360364204
40.0,0.0,0.0,0.7420772304718283,0.7319757990818067,0.6666666666666666,0.9274242319038181,0.30007334295581506,0.5724174884674667,0.7622913892432989,0.2755133180395322,0.9898019536868875,0.6666666666666665,0.9274242319038131,0.2955603182581679,0.5683428610826727,0.7607467760316188,0.276595605140268,0.9898222573069725
40.125,0.0,0.0,0.742253372854828,0.7319927373431087,0.6666666666666666,0.927424231903818,0.2998597670457145,0.5721350899190144,0.762149556913701,0.27628365037443325,0.9898216015733062,0.6666666666666665,0.9274242319038001,0.29528218932490014,0.5679732136432033,0.7605589131108285,0.2773631725412461,0.9898396942037637
40.25,0.0,0.0,0.7424281691998994,0.732008880828465,0.6666666666666666,0.927424231903818,0.2996481010793251,0.5718542400265092,0.7620080179997554,0.2770533223717891,0.9898401406667368,0.6666666666666665,0.9274242319038184,0.29500619541227646,0.5676053194909083,0.7603713811297257,0.2781300207673372,0.9898561023556163
40.375,0.0,0.0,0.7426016609553416,0.7320242688071656,0.6666666666666666,0.927424231903818,0.29943833614652127,0.571574968464609,0.7618668017883566,0.2778223357229538,0.9898576278107643,0.6666666666666665,0.9274242319038278,0.29473232653161024,0.5672392037395537,0.7601842048816018,0.2788961515835558,0.9898715345851697
40.5,0.0,0.0,0.7427738876008408,0.7320389385844843,0.6666666666666666,0.9274242319038182,0.29923046272088744,0.5712973027978431,0.7617259363253689,0.27859069215173204,0.9898741169912548,0.6666666666666665,0.9274242319037931,0.2944605721038207,0.5668748897643828,0.7599974082479666,0.27966156678137943,0.9898860410478174
40.625,0.0,0.0,0.7429448867528098,0.7320529255988452,0.6666666666666666,0.9274242319038182,0.2990244707091959,0.5710212685638247,0.761585448444915,0.27935839341274415,0.9898896594769199,0.6666666666666665,0.927424231903809,0.2941909210031571,0.5665123992620265,0.7598110142133644,0.2804262681775525,0.9898996693640767
40.75,0.0,0.0,0.7431146942640915,0.7320662635143773,0.6666666666666666,0.9274242319038181,0.2988203494980523,0.5707468893545079,0.761445363799013,0.28012544128983236,0.989904303953309,0.6666666666666665,0.9274242319038166,0.29392336159869525,0.5661517523094898,0.7596250448808577,0.2811902576129104,0.9899124647456691
40.875,0.0,0.0,0.7432833443183218,0.7320789843090536,0.6666666666666666,0.9274242319038182,0.2986180879978451,0.570474186895441,0.7613057068874605,0.28089183759450753,0.9899180966505019,0.6666666666666665,0.9274242319038206,0.29365788179369223,0.565792967422144,0.7594395214880949,0.2819535369512253,0.9899244701155765
41.0,0.0,0.0,0.7434508695192109,0.7320911183586033,0.6666666666666666,0.9274242319038248,0.2984176746841323,0.5702031811229764,0.7611665010878811,0.2816575841644375,0.9899310814647609,0.6666666666666665,0.9274242319038392,0.29339446906288624,0.5654360616106647,0.7592544644238857,0.28271610807807496,0.9899357262223341
41.125,0.0,0.0,0.7436173009749989,0.7321026945163844,0.6666666666666666,0.9274242319038185,0.2982190976367027,0.5699338902593689,0.7610277686858394,0.2824226828619765,0.9899433000743931,0.6666666666666665,0.9274242319038074,0.2931331104878152,0.565081050436867,0.7590698932452072,0.28347797289973464,0.9899462717488113
41.25,0.0,0.0,0.7437826683782914,0.7321137401893932,0.6666666666666666,0.9274242319038181,0.2980223445755422,0.5696663308860598,0.7608895309049958,0.2831871355727355,0.9899547920501172,0.6666666666666665,0.9274242319038145,0.29287379279025716,0.5647279480683864,0.7588858266945763,0.28423913334209233,0.9899561434157236
41.375,0.0,0.0,0.7439470000817285,0.7321242814105815,0.6666666666666666,0.927424231903818,0.2978274028966725,0.5694005180141304,0.760751807937107,0.28395094420419564,0.9899655949600371,0.6666666666666665,0.9274242319038427,0.2926165023638758,0.5643767673321695,0.7587022827177201,0.2849995913495886,0.98996537608011
41.5,0.0,0.0,0.7441103231692513,0.73213434290765,0.6666666666666666,0.9274242319038181,0.29763425970302493,0.56913646515366,0.7606146189719954,0.28471411068435976,0.9899757444696768,0.6666666666666665,0.9274242319038227,0.29236122530413755,0.5640275197667446,0.7585192784814886,0.2857593488841802,0.9899740028290046
41.625,0.0,0.0,0.7442726635236956,0.7321439481684774,0.6666666666666666,0.9274242319038181,0.29744290183545075,0.5688741843802466,0.7604779822272596,0.2854766369604471,0.9899852744370905,0.6666666666666665,0.9274242319038258,0.2921079474365726,0.5636802156732522,0.7583368303919471,0.28651840792432937,0.9899820550685179
41.75,0.0,0.0,0.7444340458906147,0.7321531195033391,0.6666666666666666,0.927424231903818,0.2972533159011771,0.5686136863996692,0.7603419149777634,0.2862385249976276,0.9899942170033806,0.6666666666666665,0.9274242319038242,0.2918566543434801,0.563334864165207,0.7581549541126041,0.2872767704640173,0.9899895626085418
41.875,0.0,0.0,0.7445944939385973,0.7321618781040619,0.6666666666666666,0.927424231903818,0.29706548830044377,0.5683549806104905,0.7602064335848289,0.2869997767777964,0.9900026026788006,0.6666666666666665,0.9274242319037939,0.2916073313891374,0.5629914732169817,0.7579736645827208,0.2880344385117824,0.9899965537432772
42.0,0.0,0.0,0.7447540303162767,0.7321702441002624,0.6666666666666666,0.927424231903818,0.2968794052515242,0.5680980751645796,0.7600715535250915,0.2877603942983881,0.990010460424645,0.6666666666666665,0.9274242319037856,0.2913599637435713,0.562650049711008,0.7577929760356593,0.2887914140897845,0.9900030553277817
42.125,0.0,0.0,0.7449126767061998,0.7321782366127995,0.6666666666666666,0.9274242319038177,0.2966950528141473,0.5678429770256058,0.75993728941898,0.28852037957122995,0.9900178177311231,0.6666666666666665,0.9274242319038147,0.2911145364049697,0.5623105994836854,0.7576129020172284,0.2895476992328936,0.9900090928507211
42.25,0.0,0.0,0.7450704538757416,0.7321858738045763,0.6666666666666666,0.9274242319038162,0.2965124169114173,0.5675896920255267,0.7598036550587851,0.2892797346214338,0.9900247006913996,0.6666666666666665,0.9274242319038238,0.2908710342208071,0.5619731273699968,0.757433455403989,0.2903032959878033,0.990014690503507
42.375,0.0,0.0,0.745227381725194,0.732193172928817,0.6666666666666666,0.9274242319038075,0.29633148335030773,0.5673382249191028,0.7596706634362875,0.29003846148632567,0.9900311340719823,0.6666666666666665,0.9274242319038316,0.29062944190773893,0.5616376372468325,0.7572546484214847,0.29105820641217056,0.9900198712459887
42.5,0.0,0.0,0.7453834793332274,0.7322001503749357,0.6666666666666666,0.9274242319038163,0.2961522378408142,0.5670885794364736,0.7595383267699155,0.29079656221441325,0.9900371413796292,0.6666666666666665,0.9274242319038236,0.29038974407031065,0.5613041320750374,0.7570764926623635,0.2918124325737778,0.9900246568688668
42.625,0.0,0.0,0.745538764999793,0.7322068217121184,0.6666666666666666,0.9274242319038158,0.29597466601383743,0.5668407583338311,0.7594066565314107,0.2915540388643891,0.9900427449249365,0.6666666666666665,0.9274242319038192,0.29015192521855876,0.5609726139401809,0.7568989991043644,0.29256597654972244,0.990029068052984
42.75,0.0,0.0,0.7456932562867157,0.7322132017307221,0.6666666666666666,0.9274242319038162,0.2957987534378682,0.5665947634422277,0.7592756634719803,0.2923108935041709,0.9900479658827692,0.6666666666666665,0.9274242319037983,0.28991596978456197,0.5606430840920616,0.7567221781281402,0.29331884042562895,0.9900331244256445
42.875,0.0,0.0,0.7458469700559899,0.732219304481602,0.6666666666666666,0.927424231903799,0.2956244856345481,0.5663505957145605,0.7591453576479182,0.29306712820997616,0.9900528243496802,0.6666666666666665,0.9274242319038016,0.2896818621379795,0.5603155429829655,0.756546039534895,0.2940710262948848,0.9900368446141053
43.0,0.0,0.0,0.7459999225060283,0.732225143313464,0.6666666666666666,0.9274242319038172,0.29545184809327774,0.5661082552707336,0.7590157484456711,0.2938227450654314,0.9900573393984636,0.6666666666666665,0.9274242319038074,0.28944958660062503,0.5599899903046943,0.7563705925638093,0.29482253625790267,0.9900402462963785
43.125,0.0,0.0,0.7461521292057237,0.7322307309083396,0.6666666666666666,0.927424231903818,0.2952808262840655,0.5658677414413413,0.7588868446064032,0.2945777461607148,0.9900615291299995,0.6666666666666665,0.927424231903804,0.2892191274601471,0.5596664250243757,0.7561958459092424,0.29557337242140286,0.9900433462494733
43.25,0.0,0.0,0.7463036051269786,0.7322360793152763,0.6666666666666666,0.9274242319038182,0.29511140567142896,0.565629052808973,0.7587586542498589,0.2953321335917337,0.9900654107224571,0.6666666666666665,0.9274242319038252,0.2889904689828533,0.559344845419075,0.7560218077376846,0.2963235368977213,0.9900461603952059
43.375,0.0,0.0,0.7464543646750322,0.7322411999823302,0.6666666666666666,0.927424231903818,0.29494357172469016,0.565392187248796,0.7586311848978206,0.2960859094593309,0.9900690004780917,0.6666666666666665,0.9274242319037916,0.288763595425704,0.559025249109239,0.7558484857044517,0.29707303180413946,0.9900487038436953
43.5,0.0,0.0,0.7466044217173642,0.7322461037869445,0.6666666666666666,0.927424231903818,0.2947773099293495,0.5651571419668745,0.7585044434968635,0.2968390758685247,0.9900723138676445,0.6666666666666665,0.9274242319038097,0.28853849104753665,0.5587076330909827,0.7556758869701037,0.29782185926223714,0.9900509909346601
43.625,0.0,0.0,0.746753789610952,0.7322508010647949,0.6666666666666666,0.9274242319038181,0.2946126057971442,0.5649239135371175,0.7583784364405801,0.29759163492777896,0.9900753655725343,0.6666666666666665,0.9274242319038453,0.2883151401195705,0.5583919937672451,0.7555040182165775,0.2985700213972665,0.9900530352766244
43.75,0.0,0.0,0.7469024812279882,0.7322553016371747,0.6666666666666666,0.9274242319038181,0.29444944487526215,0.5646924979367396,0.7582531695912028,0.2983435887483022,0.9900781695249143,0.6666666666666665,0.9274242319038182,0.28809352693520973,0.558078326977839,0.7553328856630246,0.29931752033754916,0.9900548497841374
43.875,0.0,0.0,0.7470505089802059,0.7322596148369975,0.6666666666666666,0.9274242319038181,0.29428781275493565,0.5644628905802309,0.7581286483006449,0.29909493944337656,0.9900807389457149,0.6666666666666665,0.9274242319038145,0.28787363581917735,0.5577666280284237,0.7551624950813407,0.30006435821389277,0.9900564467131047
44.0,0.0,0.0,0.7471978848418573,0.7322637495334814,0.6666666666666666,0.9274242319038182,0.2941276950793726,0.5642350863519054,0.7580048774309577,0.299845689127714,0.9900830863807651,0.6666666666666665,0.9274242319038112,0.2876554511360442,0.5574568917184153,0.7549928518113859,0.30081053715902994,0.9900578376943262
44.125,0.0,0.0,0.7473446203714275,0.7322677141555818,0.6666666666666666,0.9274242319038226,0.2939690775510745,0.5640090796370697,0.7578818613742049,0.30059583991684014,0.9900852237350904,0.6666666666666665,0.9274242319037989,0.2874389572981713,0.557149112367866,0.7548239607758847,0.30155605930707685,0.9900590337653307
44.25,0.0,0.0,0.7474907267321541,0.7322715167142391,0.6666666666666666,0.9274242319038362,0.29381194593857324,0.5637848643518605,0.7577596040717595,0.3013453939265046,0.9900871623054759,0.6666666666666665,0.9274242319038429,0.2872241387730781,0.5568432838433418,0.754655826495003,0.3023009267930115,0.9900600454005906
44.375,0.0,0.0,0.7476362147114005,0.7322751648234952,0.6666666666666666,0.9274242319038121,0.29365628608262656,0.5635624339717915,0.7576381090330274,0.3020943532721171,0.9900889128113829,0.6666666666666665,0.9274242319038314,0.2870109800902938,0.55653939958282,0.7544884531005969,0.3030451417521723,0.9900608825402007
44.5,0.0,0.0,0.7477810947390428,0.7322786657205389,0.6666666666666666,0.9274242319038142,0.29350208390189864,0.5633417815590556,0.7575173793536047,0.30284272006820817,0.9900904854242993,0.6666666666666665,0.9274242319038184,0.28679946584771965,0.5562374526196284,0.7543218443501332,0.3037887063197745,0.9900615546170969
44.625,0.0,0.0,0.7479253769047398,0.7322820262847344,0.6666666666666666,0.9274242319038466,0.293349325398172,0.5631228997886227,0.7573974177328741,0.30359049642791425,0.9900918897956031,0.6666666666666665,0.9274242319038205,0.2865895807175122,0.5559374356054629,0.7541560036402778,0.3045316226304463,0.9900620705828876
44.75,0.0,0.0,0.7480690709742919,0.7322852530556815,0.6666666666666666,0.9274242319038207,0.2931979966611072,0.5629057809731778,0.7572782264910485,0.304337684462486,0.9900931350830131,0.6666666666666665,0.9274242319038191,0.28638130945151524,0.5556393408325038,0.7539909340201499,0.30527389281778267,0.9900624389323704
44.875,0.0,0.0,0.7482121864052588,0.7322883522503602,0.6666666666666666,0.9274242319038182,0.29304808387278203,0.5626904170868752,0.7571598075856621,0.3050842862808196,0.9900942299756996,0.6666666666666665,0.9274242319038214,0.28617463688628786,0.5553431602546547,0.7538266382042451,0.3060155190139164,0.9900626677267977
45.0,0.0,0.0,0.7483547323613432,0.7322913297794025,0.6666666666666666,0.927424231903818,0.2928995733105532,0.5624767997884179,0.7570421626275734,0.30583030398900884,0.9900951827181086,0.6666666666666665,0.9274242319038623,0.2859695479477358,0.5550488855079312,0.753663118585027,0.3067565033491063,0.9900627646159565
45.125,0.0,0.0,0.7484967177266109,0.7322941912625365,0.6666666666666666,0.9274242319038181,0.2927524513529319,0.5622649204420348,0.7569252928963276,0.3065757396899205,0.990096001132605,0.6666666666666665,0.9274242319038103,0.2857660276553527,0.5547565079300326,0.7535003772451853,0.30749684795134374,0.9900627368591216
45.25,0.0,0.0,0.748638151118203,0.7322969420432477,0.6666666666666666,0.9274242319038181,0.2926067044801662,0.5620547701390171,0.7568091993551558,0.30732059548278734,0.9900966926409271,0.6666666666666665,0.9274242319037997,0.2855640611261213,0.5544660185791107,0.753338415969567,0.308236554945973,0.9900625913449399
45.375,0.0,0.0,0.7487790408989972,0.7322995872026921,0.6666666666666666,0.9274242319038181,0.2924623192790962,0.561846339716837,0.7566938826653327,0.3080648734628235,0.990097264284582,0.6666666666666665,0.9274242319038607,0.2853636335780932,0.5541774082517641,0.7531772362567818,0.30897562645532906,0.9900623346102998
45.5,0.0,0.0,0.7489193951891696,0.732302131572902,0.6666666666666666,0.927424231903818,0.29231928244464567,0.5616396197783119,0.75657934320013,0.3088085757208567,0.9900977227441852,0.6666666666666665,0.927424231903798,0.28516473033363554,0.5538906675002893,0.7530168393304821,0.30971406459839024,0.9900619728582369
45.625,0.0,0.0,0.7490592218773501,0.7323045797493231,0.6666666666666666,0.927424231903818,0.29217758078263706,0.5614346007093683,0.756465581058235,0.30955170434298057,0.9900980743578266,0.6666666666666665,0.9274242319038057,0.2849673368223854,0.5536057866492069,0.7528572261503232,0.3104518714904463,0.9900615119749263
45.75,0.0,0.0,0.7491985286310996,0.7323069361027095,0.6666666666666666,0.927424231903818,0.29203720121173454,0.5612312726961435,0.7563525960767143,0.31029426141022365,0.9900983251384974,0.6666666666666665,0.9274242319038408,0.2847714385839463,0.5533227558110844,0.7526983974226085,0.31118904924277996,0.9900609575458067
45.875,0.0,0.0,0.7493373229068385,0.7323092047904177,0.6666666666666666,0.9274242319038181,0.29189813076524934,0.5610296257412305,0.7562403878435103,0.31103624899823595,0.9900984807906321,0.6666666666666665,0.9274242319038241,0.2845770212703065,0.5530415649016842,0.7525403536106219,0.3119255999623636,0.9900603148708811
46.0,0.0,0.0,0.7494756119592433,0.7323113897671244,0.6666666666666666,0.9274242319038181,0.2917603565927186,0.5608296496791343,0.7561289557094877,0.31177766917699185,0.9900985467258074,0.6666666666666665,0.9274242319038172,0.28438407064800375,0.5527622036544632,0.7523830949446515,0.312661525751569,0.9900595889792367
46.125,0.0,0.0,0.7496134028501463,0.7323134947949989,0.6666666666666666,0.927424231903818,0.291623865961267,0.5606313341909709,0.7560182988000397,0.31251852401050845,0.9900985280776429,0.6666666666666665,0.9274242319037832,0.2841925726000813,0.5524846616344337,0.752226621431712,0.31339682870789054,0.9900587846428229
46.25,0.0,0.0,0.7497507024569611,0.7323155234533597,0.6666666666666666,0.9274242319038178,0.2914886462567684,0.5604346688184401,0.7559084160262656,0.3132588155565801,0.9900984297159426,0.6666666666666665,0.9274242319038352,0.2840025131278168,0.5522089282514177,0.7520709328649691,0.31413151092368063,0.9900579063895253
46.375,0.0,0.0,0.7498875174806635,0.7323174791478398,0.6666666666666666,0.9274242319038177,0.29135468498482237,0.560239642977102,0.7557993060957315,0.3139985458665265,0.9900982562601168,0.6666666666666665,0.9274242319038205,0.283813878352234,0.55193499277272,0.7519160288328697,0.3148655744858988,0.9900569585155731
46.5,0.0,0.0,0.7500238544533496,0.732319365119086,0.6666666666666666,0.927424231903815,0.29122196977155096,0.5600462459689889,0.7556909675228257,0.31473771698495584,0.9900980120919198,0.6666666666666665,0.9274242319038161,0.2836266545154383,0.5516628443352272,0.7517619087279863,0.3155990214758714,0.9900559450973121
46.625,0.0,0.0,0.7501597197453969,0.732321184451016,0.6666666666666666,0.927424231903815,0.29109048836423657,0.5598544669945752,0.7555833986387195,0.31547633094954103,0.9900977013675396,0.6666666666666665,0.9274242319038072,0.2834408279817778,0.5513924719569618,0.7516085717555809,0.3163318539690636,0.9900548700023771
46.75,0.0,0.0,0.7502951195722539,0.732322940078657,0.6666666666666666,0.927424231903824,0.29096022863181314,0.5596642951641355,0.7554765976009455,0.31621438979080896,0.9900973280290718,0.6666666666666665,0.9274242319038243,0.28325638523881,0.5511238645481166,0.7514560169418898,0.317064074034863,0.9900537369002935
46.875,0.0,0.0,0.7504300600008902,0.732324634795585,0.6666666666666666,0.9274242319038184,0.29083117856544966,0.5594757195084438,0.7553705624025906,0.31695189553194286,0.9900968958154093,0.6666666666666665,0.927424231903833,0.2830733128981294,0.5508570109215771,0.7513042431421405,0.3177956837363731,0.9900525492725384
47.0,0.0,0.0,0.7505645469557615,0.7323262712609886,0.6666666666666666,0.927424231903818,0.290703326277563,0.5592887289893607,0.7552652908812115,0.31768885018859466,0.9900964082725761,0.6666666666666665,0.9274242319037629,0.28289159769605376,0.5505918998029548,0.7511532490483052,0.31852668513021837,0.9900513104220877
47.125,0.0,0.0,0.750698586224896,0.7323278520063714,0.6666666666666666,0.9274242319038181,0.29057666000437593,0.5591033125087357,0.7551607807271987,0.3184252557687135,0.9900958687635375,0.6666666666666665,0.9274242319038337,0.28271122649414554,0.5503285198401575,0.751003033196594,0.3192570802663584,0.9900500234824763
47.25,0.0,0.0,0.750832183465025,0.7323293794419181,0.6666666666666666,0.9274242319038181,0.29045116810319893,0.5589194589184224,0.7550570294920715,0.31916111427237914,0.9900952804775082,0.6666666666666665,0.9274242319038407,0.28253218627962073,0.5500668596125061,0.7508535939746963,0.31998687118791286,0.9900486914263962
47.375,0.0,0.0,0.7509653442070426,0.732330855862533,0.6666666666666666,0.9274242319038181,0.2903268390541965,0.5587371570283519,0.7549540345962191,0.31989642769165116,0.990094646438788,0.6666666666666665,0.9274242319037852,0.28235446416564286,0.5498069076394109,0.7507049296287782,0.32071605993099517,0.9900473170738558
47.5,0.0,0.0,0.7510980738607974,0.7323322834535783,0.6666666666666666,0.927424231903818,0.2902036614591182,0.5585563956150685,0.7548517933364634,0.3206311980104252,0.9900939695151462,0.6666666666666665,0.9274242319038278,0.28217804739148356,0.54954865238864,0.7505570382702367,0.3214446485245557,0.9900459030999235
47.625,0.0,0.0,0.7512303777198388,0.7323336642963165,0.6666666666666666,0.9274242319038181,0.29008162404147925,0.5583771634293303,0.7547503028932436,0.32136542720430095,0.9900932524257807,0.6666666666666665,0.9274242319038264,0.2820029233225843,0.5492920822841838,0.750409917882221,0.32217263899023346,0.990044452042076
47.75,0.0,0.0,0.7513622609658628,0.7323350003730809,0.6666666666666666,0.927424231903818,0.2899607156460591,0.5581994492034713,0.7546495603375326,0.3220991172404582,0.9900924977488716,0.6666666666666665,0.9274242319038055,0.2818290794505332,0.5490371857137287,0.7502635663259273,0.32290003334221673,0.990042966307173
47.875,0.0,0.0,0.7514937286729225,0.7323362935721818,0.6666666666666666,0.9274242319038182,0.28984092523843585,0.5580232416583204,0.7545495626374585,0.3228322700775421,0.9900917079287489,0.6666666666666665,0.9274242319038208,0.28165650339293097,0.5487839510357677,0.7501179813466691,0.3236268335871114,0.9900414481780756
48.0,0.0,0.0,0.7516247858114482,0.7323375456925666,0.6666666666666666,0.9274242319038181,0.28972224190445545,0.5578485295097281,0.7544503066646522,0.3235648876655579,0.9900908852826976,0.6666666666666665,0.9274242319038197,0.28148518289317026,0.548532366586356,0.7499731605797318,0.32435304172381746,0.9900398998199281
48.125,0.0,0.0,0.7517554372520572,0.7323387584482434,0.6666666666666666,0.9274242319038182,0.2896046548496353,0.5576753014747223,0.7543517892003249,0.3242969719457724,0.9900900320074149,0.6666666666666665,0.9274242319037548,0.28131510582015573,0.5482824206855182,0.7498291015560197,0.3250786597434129,0.9900383232861201
48.25,0.0,0.0,0.7518856877691823,0.7323399334724803,0.6666666666666666,0.9274242319038283,0.28948815339851064,0.5575035462773072,0.75425400694109,0.32502852485062467,0.9900891501851397,0.6666666666666665,0.9274242319038483,0.28114626016793065,0.5480341016433357,0.7496858017074944,0.3258036896290452,0.9900367205239445
48.375,0.0,0.0,0.7520155420444916,0.7323410723217946,0.6666666666666666,0.9274242319038074,0.28937272699392647,0.5573332526539252,0.7541569565045335,0.32575954830364284,0.9900882417894696,0.6666666666666665,0.9274242319038325,0.28097863405523255,0.5477873977657207,0.749543258372418,0.32652813335582975,0.9900350933799686
48.5,0.0,0.0,0.7521450046702217,0.7323421764797385,0.6666666666666666,0.9274242319038146,0.2892583651962753,0.5571644093585959,0.7540606344345453,0.32649004421937006,0.9900873086908838,0.6666666666666665,0.9274242319037963,0.28081221572500237,0.5475422973598826,0.7494014688004017,0.3272519928907547,0.9900334436051308
48.625,0.0,0.0,0.7522740801522249,0.7323432473604963,0.6666666666666666,0.9274242319038285,0.28914505768270105,0.5569970051677458,0.753965037206419,0.32722001450329485,0.9900863526619819,0.6666666666666665,0.9274242319038285,0.2806469935438236,0.547298788739511,0.7492604301572687,0.3279752701925928,0.9900317728595788
48.75,0.0,0.0,0.7524027729129685,0.7323442863122972,0.6666666666666666,0.927424231903831,0.28903279424625705,0.5568310288847443,0.7538701612317279,0.3279494610517902,0.9900853753824602,0.6666666666666665,0.9274242319038217,0.2804829560012955,0.5470568602296857,0.7491201395297321,0.32869796721181943,0.990030082717262
48.875,0.0,0.0,0.7525310872943701,0.7323452946206592,0.6666666666666666,0.9274242319038201,0.28892156479511566,0.556666469344135,0.7537760028629821,0.32867838575205743,0.9900843784438326,0.6666666666666665,0.927424231903745,0.2803200917093802,0.5468165001715128,0.748980593929901,0.3294200858905364,0.9900283746702906
49.0,0.0,0.0,0.7526590275604119,0.7323462735114681,0.6666666666666666,0.9274242319038185,0.28881135935109,0.5565033154158026,0.7536825583981017,0.3294067904820765,0.9900833633539102,0.6666666666666665,0.9274242319038557,0.2801583894016876,0.5465776969265138,0.7488417902996126,0.33014162816240156,0.9900266501330723
49.125,0.0,0.0,0.7527865978998638,0.7323472241539012,0.6666666666666666,0.9274242319038177,0.2887021680500093,0.5563415560082952,0.7535898240846373,0.3301346771105629,0.9900823315410608,0.6666666666666665,0.9274242319038324,0.27999783793271077,0.5463404388807732,0.7487037255145989,0.3308625959525643,0.9900249104462403
49.25,0.0,0.0,0.75291380242852,0.7323481476632061,0.6666666666666666,0.9274242319038181,0.2885939811392448,0.5561811800728041,0.7534977961238606,0.3308620474969282,0.9900812843582402,0.6666666666666665,0.9274242319037521,0.27983842627704103,0.5461047144488478,0.7485663963884941,0.33158299117760603,0.9900231568803813
49.375,0.0,0.0,0.7530406451916518,0.7323490451033373,0.6666666666666666,0.9274242319038178,0.288486788977596,0.5560221766061438,0.7534064706746353,0.3315889034912469,0.9900802230868287,0.6666666666666665,0.9274242319038271,0.27968014352853743,0.545870512077456,0.7484297996766865,0.3323028157454859,0.9900213906395743
49.5,0.0,0.0,0.7531671301661768,0.7323499174894624,0.6666666666666666,0.9274242319038181,0.2883805820339931,0.5558645346538961,0.7533158438571169,0.3323152469342284,0.9900791489402682,0.6666666666666665,0.927424231903822,0.2795229788994517,0.5456378202489597,0.7482939320800179,0.33302207155549174,0.99001961286475
49.625,0.0,0.0,0.7532932612627876,0.732350765790342,0.6666666666666666,0.927424231903818,0.28827535088655326,0.555708243313224,0.7532259117562801,0.3330410796571927,0.990078063067516,0.6666666666666665,0.92742423190377,0.2793669217195455,0.5454066274846338,0.7481587902483401,0.33374076049819507,0.9900178246368804
49.75,0.0,0.0,0.7534190423279674,0.7323515909305893,0.6666666666666666,0.927424231903818,0.2881710862215014,0.5555532917355245,0.753136670425289,0.33376640348205167,0.990076966556323,0.6666666666666665,0.927424231903874,0.2792119614351697,0.5451769223477448,0.7480243707839289,0.33445888445541094,0.9900160269800058
49.875,0.0,0.0,0.7535444771459063,0.732352393792819,0.6666666666666666,0.9274242319038174,0.28806777883210355,0.5553996691288872,0.7530481158887042,0.3344912202212936,0.9900758604363454,0.6666666666666665,0.9274242319038415,0.27905808760830636,0.5449486934464493,0.7478906702447614,0.33517644530016266,0.9900142208641097
50.0,0.0,0.0,0.753669569440348,0.7323531752196857,0.6666666666666666,0.9274242319038168,0.28796541961759015,0.5552473647603737,0.7529602441455397,0.33521553167797236,0.9900747456820987,0.6666666666666665,0.9274242319037461,0.2789052899156136,0.5447219294365035,0.7477576851476634,0.33589344489664974,0.990012407207847
50.125,0.0,0.0,0.7537943228763371,0.7323539360158224,0.6666666666666666,0.9274242319038095,0.2878639995820681,0.5550963679581291,0.7528730511721747,0.3359393396457004,0.990073623215762,0.6666666666666665,0.9274242319038777,0.2787535581474348,0.544496619023811,0.7476254119713277,0.33660988510022033,0.990010586881135
50.25,0.0,0.0,0.7539187410619065,0.7323546769496818,0.6666666666666666,0.927424231903809,0.2877635098334264,0.5549466681133308,0.7527865329251259,0.3366626459086449,0.9900724939098399,0.6666666666666665,0.9274242319038466,0.27860288220678553,0.5442727509668083,0.7474938471592093,0.33732576775734757,0.9900087607076126
50.375,0.0,0.0,0.7540428275496758,0.7323553987552848,0.6666666666666666,0.9274242319038266,0.2876639415822313,0.5547982546819874,0.7527006853436851,0.337385452241528,0.9900713585896894,0.6666666666666665,0.927424231903746,0.27845325210834226,0.54405031407869,0.7473629871223036,0.33804109470560895,0.9900069294669761
50.5,0.0,0.0,0.7541665858383657,0.7323561021338831,0.6666666666666666,0.9274242319038243,0.287565286140619,0.5546511171865922,0.7526155043524294,0.33810776040962986,0.9900702180359197,0.6666666666666665,0.927424231903874,0.2783046579774037,0.54382929722949,0.747232828241808,0.3387558677736702,0.990005093897196
50.625,0.0,0.0,0.7542900193742939,0.7323567877555384,0.6666666666666666,0.9274242319037932,0.28746753492118415,0.5545052452176377,0.7525309858636072,0.3388295721687952,0.9900690729866682,0.6666666666666665,0.9274242319038496,0.2781570900488377,0.543609689348025,0.7471033668716721,0.3394700887812717,0.9900032546966229
50.75,0.0,0.0,0.754413131552822,0.7323574562606217,0.6666666666666666,0.9274242319038724,0.2873706794358627,0.5543606284350029,0.7524471257794069,0.3395508892654423,0.9900679241397641,0.6666666666666665,0.9274242319037721,0.278010538666034,0.543391479423694,0.7469745993410434,0.340183759539218,0.9900014125259851
50.875,0.0,0.0,0.7545359257195143,0.7323581082612407,0.6666666666666666,0.9274242319038299,0.2872747112948224,0.5542172565692165,0.7523639199941105,0.34027171343657525,0.9900667721547796,0.6666666666666665,0.9274242319038302,0.2778649942798328,0.5431746565081579,0.7468465219566082,0.34089688184937106,0.9899995680102879
51.0,0.0,0.0,0.7546584051716915,0.7323587443425934,0.6666666666666666,0.9274242319038065,0.2871796222053343,0.5540751194226033,0.7522813643961406,0.34099204640979885,0.9900656176549792,0.6666666666666665,0.9274242319038281,0.27772044744744484,0.5429592097168958,0.7467191310048316,0.34160945750464605,0.9899977217406154
51.125,0.0,0.0,0.7547805731595112,0.7323593650642578,0.6666666666666666,0.9274242319038175,0.28708540397086535,0.5539342068702606,0.752199454869987,0.34171188990333573,0.9900644612291699,0.6666666666666665,0.9274242319037217,0.27757688883138604,0.5427451282306379,0.7465924227541045,0.3423214882890095,0.989995874275842
51.25,0.0,0.0,0.7549024328870538,0.7323599709614127,0.6666666666666666,0.927424231903818,0.28699204848896553,0.5537945088612869,0.7521181872981209,0.3424312456260452,0.9900633034334569,0.6666666666666665,0.9274242319038256,0.27743430919838286,0.5425324012966951,0.7464663934567961,0.343032975977481,0.9899940261442572
51.375,0.0,0.0,0.7550239875137553,0.7323605625460043,0.6666666666666666,0.927424231903818,0.2868995477522157,0.553656015418994,0.7520375575626043,0.34315011527744704,0.9900621447929117,0.6666666666666665,0.9274242319038328,0.2772926994182817,0.5423210182301821,0.7463410393512157,0.34374392233613665,0.9899921778451093
51.5,0.0,0.0,0.7551452401551839,0.7323611403078497,0.6666666666666666,0.927424231903818,0.2868078938448564,0.5535187166423339,0.7519575615468802,0.34386850054774326,0.9900609858031543,0.6666666666666665,0.9274242319038317,0.2771520504629719,0.5421109684151315,0.7462163566634923,0.3444543291221155,0.9899903298500707
51.625,0.0,0.0,0.7552661938842785,0.7323617047156878,0.6666666666666666,0.927424231903818,0.2867170789431093,0.5533826027061111,0.7518781951372665,0.3445864031178456,0.9900598269318568,0.6666666666666665,0.9274242319038293,0.2770123534052844,0.5419022413055216,0.7460923416093683,0.3451641980836275,0.9899884826046296
51.75,0.0,0.0,0.7553868517322916,0.7323622562181801,0.6666666666666666,0.927424231903818,0.28662709531365155,0.5532476638616818,0.7517994542244586,0.3453038246594026,0.990058668620171,0.6666666666666665,0.9274242319038369,0.2768735994178952,0.5416948264262109,0.745968990395913,0.345873530959965,0.9899866365294119
51.875,0.0,0.0,0.7555072166897403,0.7323627952448584,0.6666666666666666,0.927424231903818,0.2865379353123825,0.5531138904374835,0.751721334704939,0.34602076683482935,0.9900575112840819,0.6666666666666665,0.9274242319038263,0.27673577977225255,0.5414887133737781,0.7458462992231627,0.3465823294815139,0.9899847920214362
52.0,0.0,0.0,0.7556272917073605,0.732363322207029,0.6666666666666666,0.927424231903818,0.2864495913835537,0.552981272839381,0.7516438324822958,0.34673723129733863,0.9900563553156952,0.6666666666666665,0.9274242319038103,0.2765988858374687,0.541283891817291,0.745724264285682,0.3472905953697708,0.9899829494553062
52.125,0.0,0.0,0.7557470796969933,0.7323638374986311,0.6666666666666666,0.927424231903818,0.2863620560586185,0.5528498015510307,0.7515669434684792,0.34745321969097415,0.990055201084458,0.6666666666666665,0.9274242319037782,0.2764629090792363,0.54108035149899,0.7456028817740572,0.3479983303373573,0.989981109184343
52.25,0.0,0.0,0.7558665835324413,0.7323643414970523,0.6666666666666666,0.927424231903818,0.28627532195515787,0.5527194671341559,0.7514906635849841,0.34816873365064427,0.9900540489383187,0.6666666666666665,0.9274242319038302,0.27632784105875763,0.5408780822348943,0.7454821478763209,0.34870553608803956,0.9899792715416601
52.375,0.0,0.0,0.7559858060502936,0.7323648345639051,0.6666666666666666,0.927424231903818,0.2861893817758158,0.5525902602287609,0.7514149887639665,0.34888377480215815,0.9900528992048276,0.6666666666666665,0.9274242319038213,0.2761936734316435,0.5406770739153474,0.7453620587793085,0.3494122143167483,0.9899774368411849
52.5,0.0,0.0,0.7561047500507284,0.7323653170457656,0.6666666666666666,0.9274242319038177,0.28610422830724414,0.5524621715532843,0.7513399149492961,0.3495983447622624,0.9900517521921833,0.6666666666666665,0.9274242319038284,0.276060397946846,0.5404773165054859,0.7452426106699521,0.3501183667096002,0.989975605378629
52.625,0.0,0.0,0.7562234182982758,0.7323657892748744,0.6666666666666666,0.9274242319038166,0.2860198544190526,0.5523351919046979,0.7512654380975463,0.35031244513867943,0.9900506081902242,0.6666666666666665,0.9274242319038198,0.275928006445596,0.5402788000456457,0.7451237997365158,0.3508239949439215,0.9899737774324097
52.75,0.0,0.0,0.7563418135225576,0.7323662515698043,0.6666666666666666,0.9274242319038168,0.2859362530627683,0.5522093121585542,0.7511915541789274,0.35102607753014625,0.9900494674713713,0.6666666666666665,0.9274242319038186,0.27579649086031466,0.5400815146517155,0.7450056221697672,0.3515291006882725,0.9899719532645246
52.875,0.0,0.0,0.7564599384189981,0.7323667042360961,0.6666666666666666,0.9274242319038016,0.2858534172708068,0.5520845232689817,0.7511182591781622,0.35173924352645547,0.9900483302915237,0.6666666666666665,0.9274242319038402,0.27566584321357096,0.5398854505154224,0.7448880741640975,0.35223368560247353,0.9899701331213836
53.0,0.0,0.0,0.7565777956495428,0.732367147566861,0.6666666666666666,0.9274242319038327,0.285771340155452,0.5519608162686368,0.7510455490953103,0.35245194470849606,0.9900471968909076,0.6666666666666665,0.9274242319038072,0.2755360556170261,0.5396905979045672,0.7447711519185848,0.3529377513376327,0.9899683172345985
53.125,0.0,0.0,0.7566953878432422,0.7323675818433567,0.6666666666666666,0.9274242319038166,0.2856900149078429,0.5518381822686121,0.7509734199465389,0.35316418264829585,0.9900460674948829,0.6666666666666665,0.9274242319038078,0.2754071202703687,0.5394969471632148,0.7446548516380038,0.35364129953617424,0.9899665058217331
53.25,0.0,0.0,0.7568127175969936,0.7323680073355313,0.6666666666666666,0.9274242319037788,0.2856094347969693,0.5517166124583042,0.7509018677648467,0.3538759589090645,0.9900449423147102,0.6666666666666665,0.9274242319038155,0.27527902946029814,0.5393044887118222,0.7445391695337893,0.35434433183186836,0.9899646990870152
53.375,0.0,0.0,0.7569297874761661,0.7323684243025468,0.6666666666666666,0.9274242319038158,0.2855295931689099,0.5515960981051735,0.7508308886007271,0.35458727504523724,0.9900438215482775,0.6666666666666665,0.9274242319038125,0.27515177555947656,0.5391132130473321,0.7444241018249482,0.35504684984986207,0.9899628972220148
53.5,0.0,0.0,0.7570466000149683,0.7323688329932699,0.6666666666666666,0.927424231903818,0.28545048344470525,0.5514766305548793,0.750760478522872,0.3552981326025188,0.9900427053807911,0.6666666666666665,0.9274242319038035,0.2750253510254997,0.5389231107432202,0.744309644738926,0.35574885520671123,0.989961100406286
53.625,0.0,0.0,0.7571631577174376,0.732369233646745,0.6666666666666666,0.9274242319038181,0.2853720991217304,0.5513582012303383,0.7506906336186258,0.3560085331179305,0.9900415939854316,0.6666666666666665,0.9274242319038545,0.27489974839989945,0.5387341724494932,0.7441957945124307,0.35645034951041316,0.9899593088079782
53.75,0.0,0.0,0.757279463057632,0.7323696264926411,0.6666666666666666,0.927424231903818,0.2852944337702488,0.5512408016322026,0.7506213499946669,0.3567184781198538,0.9900404875239757,0.6666666666666665,0.9274242319038165,0.274774960307113,0.5385463888926613,0.7440825473922105,0.35715133436044105,0.9899575225844169
53.875,0.0,0.0,0.7573955184803769,0.7323700117516784,0.6666666666666666,0.9274242319038181,0.28521748103398314,0.5511244233380953,0.7505526237774514,0.35742796912807806,0.9900393861473894,0.6666666666666665,0.927424231903691,0.27465097945349154,0.5383597508756637,0.7439698996357941,0.3578518113477779,0.9899557418826544
54.0,0.0,0.0,0.7575113264017088,0.7323703896360334,0.6666666666666666,0.9274242319038181,0.28514123462853563,0.5510090580024801,0.7504844511137133,0.35813700765384676,0.9900382899963879,0.6666666666666665,0.9274242319039278,0.27452779862631715,0.5381742492777594,0.7438578475121903,0.35855178205495225,0.9899539668399943
54.125,0.0,0.0,0.7576268892094116,0.7323707603497247,0.6666666666666666,0.927424231903818,0.28506568834066726,0.5508946973562452,0.7504168281708942,0.35884559519990517,0.9900371992019689,0.6666666666666665,0.9274242319038618,0.2744054106928033,0.5379898750543954,0.7437463873025485,0.3592512480560749,0.9899521975844882
54.25,0.0,0.0,0.7577422092635128,0.7323711240889808,0.6666666666666666,0.927424231903818,0.28499083602737113,0.5507813332063277,0.7503497511375559,0.3595537332605479,0.9900361138859197,0.6666666666666665,0.9274242319036342,0.2742838085991345,0.5378066192370308,0.7436355153007858,0.35995021091687524,0.9899504342354093
54.375,0.0,0.0,0.7578572888967596,0.7323714810425898,0.6666666666666666,0.927424231903818,0.284916671614943,0.5506689574353225,0.7502832162237549,0.3602614233216671,0.9900350341612971,0.6666666666666665,0.9274242319038778,0.2741629853694987,0.5376244729329394,0.7435252278141771,0.36064867219473895,0.9899486769037014
54.5,0.0,0.0,0.757972130415084,0.7323718313922318,0.6666666666666666,0.927424231903818,0.28484318909808815,0.550557562001063,0.7502172196613893,0.36096866686080076,0.9900339601328842,0.6666666666666665,0.9274242319038725,0.27404293410512837,0.5374434273249871,0.7434155211639126,0.3613466334387467,0.9899469256924058
54.625,0.0,0.0,0.7580867360980548,0.7323721753127967,0.6666666666666666,0.9274242319038178,0.2847703825390326,0.5504471389361841,0.750151757704515,0.36167546534718137,0.990032891897624,0.6666666666666665,0.9274242319035596,0.27392364798336494,0.5372634736713751,0.7433063916856245,0.3620440961897124,0.9899451806970664
54.75,0.0,0.0,0.758201108199317,0.7323725129726851,0.6666666666666666,0.927424231903818,0.28469824606664945,0.5503376803476668,0.7500868266296367,0.36238182024178534,0.9900318295450303,0.6666666666666665,0.9274242319038456,0.27380512025671316,0.5370846033053666,0.7431978357298814,0.36274106198022293,0.9899434420061152
54.875,0.0,0.0,0.7583152489470175,0.7323728445340961,0.6666666666666666,0.927424231903818,0.284626773875594,0.5502291784163686,0.7500224227359714,0.3630877329973818,0.9900307731575794,0.6666666666666665,0.9274242319038907,0.2736873442519207,0.5369068076349902,0.7430898496626539,0.36343753233467785,0.9899417097012384
55.0,0.0,0.0,0.7584291605442225,0.7323731701533005,0.6666666666666666,0.9274242319038177,0.2845559602254525,0.5501216253965368,0.7499585423456893,0.36379320505858165,0.9900297228110801,0.6666666666666665,0.9274242319036164,0.27357031336906606,0.5367300781427164,0.7429824298657535,0.3641335087693293,0.9899399838577242
55.125,0.0,0.0,0.758542845169316,0.7323734899809025,0.6666666666666666,0.9274242319038167,0.28448579943989805,0.550015013615309,0.7498951818041288,0.3644982378618882,0.9900286785750272,0.6666666666666665,0.9274242319038359,0.2734540210806433,0.5365544063851206,0.7428755727372424,0.36482899279232384,0.9899382645447933
55.25,0.0,0.0,0.7586563049763962,0.7323738041620862,0.6666666666666666,0.9274242319038166,0.28441628590585566,0.5499093354722049,0.7498323374799911,0.3652028328357457,0.9900276405129348,0.6666666666666665,0.9274242319039142,0.27333846093067254,0.5363797839925263,0.7427692746918186,0.36552398590374213,0.9899365518259128
55.375,0.0,0.0,0.7587695420956383,0.7323741128368537,0.6666666666666666,0.9274242319037665,0.28434741407268915,0.5498045834385994,0.7497700057655133,0.36590699140058985,0.9900266086826552,0.6666666666666665,0.9274242319036575,0.2732236265338184,0.5362062026686262,0.7426635321611776,0.3662184895956417,0.9899348457590949
55.5,0.0,0.0,0.7588825586337475,0.7323744161402489,0.6666666666666666,0.9274242319038073,0.2842791784513809,0.5497007500571925,0.7497081830766212,0.36661071496889724,0.9900255831366794,0.6666666666666665,0.9274242319038315,0.27310951157450064,0.5360336541900951,0.7425583415943476,0.36691250535209746,0.9899331463971798
55.625,0.0,0.0,0.7589953566741634,0.7323747142025736,0.6666666666666666,0.9274242319038062,0.2842115736137374,0.5495978279414683,0.7496468658530625,0.36731400494523536,0.9900245639224243,0.6666666666666665,0.9274242319039625,0.27299610980603845,0.5358621304061821,0.7424536994580041,0.3676060346492452,0.9899314537881058
55.75,0.0,0.0,0.7591079382775927,0.7323750071495904,0.6666666666666666,0.9274242319038175,0.28414459419178373,0.5494958097750892,0.7495860505585097,0.3680168627263129,0.9900235510825041,0.6666666666666665,0.9274242319036381,0.27288341504979946,0.5356916232382883,0.7423496022367633,0.36829907895532243,0.989929767975165
55.875,0.0,0.0,0.7592203054821492,0.7323752951027183,0.6666666666666666,0.927424231903818,0.28407823487604605,0.5493946883116076,0.7495257336807251,0.3687192897010284,0.9900225446549885,0.6666666666666665,0.9274242319038053,0.27277142119433506,0.5355221246795381,0.7422460464334525,0.3689916397307124,0.9899280889972464
56.0,0.0,0.0,0.7593324603039621,0.7323755781792185,0.6666666666666666,0.927424231903818,0.2840124904166999,0.5492944563733482,0.7494659117315173,0.36942128725052226,0.9900215446736483,0.6666666666666665,0.9274242319039092,0.272660122194561,0.5353536267943318,0.7421430285693629,0.369683718427986,0.9899264168890671
56.125,0.0,0.0,0.7594444047372313,0.7323758564923706,0.6666666666666665,0.9274242319038182,0.283947355620774,0.5491951068514335,0.749406581246927,0.3701228567482246,0.9900205511681877,0.6666666666666665,0.9274242319037538,0.2725495120709308,0.5351861217178885,0.7420405451844829,0.3703753164919444,0.9899247516813923
56.25,0.0,0.0,0.7595561407547204,0.7323761301516423,0.6666666666666666,0.9274242319038178,0.2838828253527074,0.5490966327048187,0.7493477387872182,0.37082399955990625,0.9900195641644651,0.6666666666666665,0.9274242319038143,0.27243958490860776,0.5350196016557828,0.7419385928377122,0.3710664353596637,0.9899230934012434
56.375,0.0,0.0,0.759667670307982,0.7323763992628494,0.6666666666666666,0.9274242319038181,0.28381889453295117,0.5489990269599122,0.7492893809369408,0.37152471704372797,0.9900185836847033,0.6666666666666665,0.927424231903934,0.2723303348566672,0.5348540588834687,0.7418371681070596,0.3717570764605367,0.9899214420720969
56.5,0.0,0.0,0.7597789953276963,0.7323766639283089,0.6666666666666666,0.927424231903818,0.28375555813753517,0.5489022827099039,0.7492315043049432,0.3722250105502902,0.9900176097476884,0.6666666666666665,0.9274242319037571,0.2722217561273085,0.5346894857457924,0.7417362675898249,0.37244724121631684,0.9899197977140722
56.625,0.0,0.0,0.7598901177239679,0.7323769242469861,0.6666666666666666,0.9274242319038181,0.2836928111972953,0.5488063931141922,0.7491741055243921,0.37292488142268265,0.9900166423689589,0.6666666666666665,0.9274242319037957,0.2721138429950457,0.534525874656507,0.7416358879027625,0.3731369310411619,0.9899181603441116
56.75,0.0,0.0,0.7600010393866083,0.7323771803146333,0.6666666666666666,0.9274242319038181,0.28363064879715066,0.5487113513977994,0.7491171812527725,0.37362433099653364,0.9900156815609855,0.6666666666666665,0.9274242319038699,0.27200658979595105,0.534363218097769,0.7415360256822328,0.3738261473416774,0.9899165299761497
56.875,0.0,0.0,0.7601117621854261,0.7323774322239222,0.6666666666666666,0.9274242319038183,0.28356906607540927,0.548617150850779,0.7490607281718781,0.37432336060005933,0.990014727333341,0.6666666666666665,0.9274242319037554,0.271899990926886,0.5342015086196324,0.741436677584338,0.37451489151695994,0.9899149066212749
57.0,0.0,0.0,0.7602222879704995,0.7323776800645716,0.6666666666666666,0.9274242319038225,0.2835080582230752,0.5485237848276239,0.7490047429877921,0.37502197155411304,0.9900137796928621,0.6666666666666665,0.9274242319037524,0.27179404084472697,0.5340407388395442,0.7413378402850423,0.3752031649586415,0.9899132902878842
57.125,0.0,0.0,0.7603326185724482,0.732377923923468,0.6666666666666666,0.9274242319038228,0.28344762048317007,0.548431246746671,0.748949222430857,0.3757201651722339,0.9900128386438034,0.6666666666666665,0.9274242319040724,0.2716887340656406,0.53388090144182,0.7412395104802831,0.3758909690509327,0.989911680981828
57.25,0.0,0.0,0.7604427558027065,0.7323781638847812,0.6666666666666666,0.9274242319038257,0.28338774815006473,0.5483395300895064,0.7488941632556357,0.3764179427606958,0.9900119041879831,0.6666666666666665,0.927424231903794,0.2715840651643329,0.5337219891771297,0.7411416848860652,0.37657830517066637,0.9899100787065496
57.375,0.0,0.0,0.760552701453768,0.7323784000300734,0.6666666666666666,0.9274242319038105,0.28332843656881723,0.5482486284003699,0.7488395622408643,0.377115305618556,0.9900109763249207,0.6666666666666665,0.9274242319036304,0.2714800287733138,0.5335639948619721,0.7410443602385459,0.37726517468734183,0.9899084834632165
57.5,0.0,0.0,0.760662457299469,0.7323786324384054,0.6666666666666666,0.9274242319038137,0.28326968113451745,0.5481585352855616,0.7487854161893954,0.3778122550377033,0.9900100550519692,0.6666666666666665,0.9274242319040935,0.2713766195821938,0.5334069113781432,0.7409475332941081,0.3779515789631678,0.989906895250846
57.625,0.0,0.0,0.7607720250952018,0.7323788611864359,0.6666666666666666,0.9274242319038122,0.28321147729165136,0.5480692444128449,0.748731721928135,0.3785087923029067,0.9900091403644387,0.6666666666666665,0.92742423190383,0.2712738323369658,0.5332507316722097,0.7408512008294216,0.3786375193531067,0.989905314066424
57.75,0.0,0.0,0.7608814065782001,0.7323790863485181,0.6666666666666666,0.9274242319038538,0.28315382053346355,0.5479807495108546,0.7486784763079714,0.3792049186918626,0.9900082322557157,0.6666666666666665,0.9274242319036852,0.2711716618392972,0.5330954487549733,0.7407553596414947,0.3793229972049179,0.9899037399050187
57.875,0.0,0.0,0.7609906034677076,0.7323793079967903,0.6666666666666666,0.9274242319038524,0.2830967064013304,0.5478930443685057,0.748625676203697,0.3799006354752434,0.9900073307173749,0.6666666666666665,0.9274242319040302,0.2710701029458504,0.5329410557009338,0.7406600065477171,0.38000801385920124,0.989902172759887
58.0,0.0,0.0,0.7610996174652191,0.7323795262012631,0.6666666666666666,0.9274242319036009,0.2830401304841548,0.547806122834399,0.748573318513925,0.38059594391674434,0.990006435739286,0.6666666666666665,0.9274242319038324,0.2709691505675956,0.5327875456477541,0.7405651383858908,0.3806925706494407,0.9899006126225774
58.125,0.0,0.0,0.761208450255081,0.7323797410299032,0.6666666666666666,0.9274242319037955,0.28298408841782074,0.5477199788162094,0.748521400160994,0.38129084527313123,0.9900055473097144,0.6666666666666665,0.9274242319037631,0.270868799669129,0.5326349117957211,0.7404707520142536,0.3813766689020474,0.989899059483027
58.25,0.0,0.0,0.7613171035038622,0.7323799525487125,0.6666666666666666,0.9274242319038167,0.2829285758840759,0.5476346062802678,0.7484699180908896,0.3819853407942869,0.9900046654154168,0.6666666666666665,0.9274242319039764,0.2707690452680197,0.5324831474072044,0.7403768443114952,0.38206030993640316,0.9898975133296534
58.375,0.0,0.0,0.7614255788615013,0.7323801608218041,0.6666666666666666,0.9274242319038183,0.28287358861131384,0.5475499992505416,0.7484188692731136,0.382679431723259,0.990003790041734,0.6666666666666665,0.927424231903836,0.2706698824341487,0.5323322458061175,0.7402834121767627,0.3827434950649037,0.9898959741494419
58.5,0.0,0.0,0.7615338779609653,0.7323803659114746,0.6666666666666666,0.9274242319038181,0.2828191223722737,0.5474661518085947,0.748368250700602,0.38337311929630524,0.990002921172675,0.6666666666666665,0.9274242319037583,0.27057130628905507,0.5321822003773782,0.74019045252966,0.38342622559300127,0.9898944419280296
58.625,0.0,0.0,0.761642002418632,0.7323805678782742,0.6666666666666666,0.927424231903818,0.28276517298435244,0.5473830580927241,0.7483180593896133,0.38406640474294046,0.9900020587910003,0.6666666666666665,0.9274242319038072,0.27047331200530844,0.5320330045663655,0.7400979623102398,0.38410850281924797,0.9898929166497838
58.75,0.0,0.0,0.761749953834522,0.7323807667810722,0.6666666666666666,0.927424231903818,0.2827117363092259,0.5473007122973369,0.7482682923795929,0.3847592892859824,0.9900012028782996,0.6666666666666665,0.9274242319038163,0.2703758948058679,0.5318846518783832,0.740005938478988,0.38479032803533847,0.9898913982978776
58.875,0.0,0.0,0.7618577337924589,0.7323809626771202,0.6666666666666667,0.927424231903818,0.28265880825191786,0.5472191086724842,0.7482189467330724,0.3854517741415977,0.990000353415065,0.6666666666666665,0.9274242319038676,0.2702790499634653,0.531737135878118,0.7399143780168016,0.3854717025261526,0.9898898868543603
59.0,0.0,0.0,0.7619653438602794,0.7323811556221131,0.6666666666666666,0.9274242319038178,0.28260638476031025,0.5471382415232754,0.7481700195355439,0.3861438605193468,0.989999510380761,0.6666666666666665,0.9274242319038303,0.27018277279999614,0.5315904501891004,0.7398232779249618,0.38615262756979757,0.9898883823002261
59.125,0.0,0.0,0.7620727855900319,0.7323813456702472,0.6666666666666666,0.927424231903818,0.28255446182461635,0.5470581052093056,0.7481215078953338,0.38683554962222927,0.9899986737538915,0.6666666666666665,0.927424231903828,0.27008705868589666,0.5314445884931724,0.7397326352250982,0.386833104437651,0.9898868846154782
59.25,0.0,0.0,0.7621800605181768,0.7323815328742742,0.6666666666666666,0.927424231903818,0.2825030354768712,0.5469786941440913,0.7480734089434662,0.38752684264672904,0.9899978435120623,0.6666666666666665,0.9274242319038283,0.26999190303956955,0.5312995445299442,0.7396424469591507,0.3875131343944018,0.9898853937791898
59.375,0.0,0.0,0.7622871701657736,0.7323817172855551,0.6666666666666666,0.927424231903818,0.2824521017904204,0.5469000027945005,0.7480257198335374,0.3882177407828582,0.9899970196320403,0.6666666666666665,0.9274242319038188,0.269897301326777,0.5311553120962655,0.7395527101893232,0.3881927186980941,0.989883909769562
59.5,0.0,0.0,0.7623941160386738,0.7323818989541111,0.6666666666666666,0.9274242319038177,0.28240165687937535,0.5468220256802083,0.7479784377415786,0.3889082452142023,0.9899962020898112,0.6666666666666665,0.927424231903809,0.2698032490600616,0.5310118850456925,0.739463421998034,0.38887185860016715,0.9898824325639793
59.625,0.0,0.0,0.7625008996277023,0.7323820779286707,0.6666666666666666,0.9274242319038151,0.2823516968981081,0.5467447573731439,0.7479315598659177,0.3895983571179637,0.9899953908606319,0.6666666666666665,0.927424231903854,0.26970974179818685,0.5308692572879523,0.7393745794878619,0.38955055534549815,0.989880962139062
59.75,0.0,0.0,0.7626075224088397,0.7323822542567174,0.6666666666666666,0.9274242319038164,0.28230221804074335,0.5466681924969444,0.7478850834270401,0.3902880776650052,0.9899945859190824,0.6666666666666665,0.9274242319038425,0.26961677514554633,0.530727422788423,0.7392861797814843,0.3902288101724432,0.9898794984707155
59.875,0.0,0.0,0.762713985843409,0.7323824279845329,0.6666666666666666,0.9274242319038473,0.28225321654066193,0.5465923257264127,0.7478390056674457,0.3909774080198937,0.9899937872391134,0.6666666666666665,0.9274242319035843,0.26952434475163095,0.5305863755675991,0.739198220021616,0.39090662431287876,0.9898780415341784
60.0,0.0,0.0,0.7628202913782012,0.73238259915724,0.6666666666666666,0.9274242319038131,0.282204688670015,0.5465171517869772,0.7477933238515052,0.3916663493409433,0.989992994794092,0.6666666666666665,0.9274242319038306,0.26943244631045915,0.5304461097005733,0.7391106973709403,0.39158399899224244,0.9898765913040661
60.125,0.0,0.0,0.7629264404457583,0.7323827678188429,0.6666666666666666,0.9274242319038173,0.2821566307392302,0.5464426654541612,0.7477480352653145,0.39235490278025803,0.9899922085568454,0.6666666666666665,0.9274242319041502,0.26934107556003994,0.5303066193165155,0.739023609012037,0.39226093542957446,0.9898751477544144
60.25,0.0,0.0,0.7630324344644354,0.7323829340122668,0.6666666666666666,0.9274242319038459,0.282109039096543,0.5463688615530509,0.7477031372165467,0.3930430694837743,0.989991428499702,0.6666666666666665,0.9274242319034613,0.269250228281849,0.53016789859815,0.738936952147309,0.3929374348375574,0.9898737108587197
60.375,0.0,0.0,0.7631382748385575,0.732383097779394,0.6666666666666666,0.9274242319037469,0.2820619101275319,0.5462957349577702,0.7476586270343041,0.39373085059130325,0.9899906545945296,0.6666666666666665,0.927424231903712,0.2691599003002694,0.530029941781247,0.7388507239989011,0.3936134984225575,0.9898722805899768
60.5,0.0,0.0,0.7632439629587823,0.7323832591611001,0.6666666666666666,0.9274242319037875,0.2820152402546348,0.5462232805909635,0.7476145020689672,0.3944182472365724,0.9899898868127727,0.6666666666666665,0.9274242319041132,0.26907008748210176,0.5298927431541052,0.7387649218086205,0.3942891273846645,0.9898708569207164
60.625,0.0,0.0,0.7633495002020106,0.7323834181972886,0.6666666666666666,0.9274242319039441,0.28196902593671447,0.5461514934232762,0.7475707596920443,0.3951052605472674,0.9899891251254876,0.6666666666666665,0.9274242319036975,0.2689807857360379,0.5297562970570441,0.7386795428378513,0.39496432291773137,0.9898694398230388
60.75,0.0,0.0,0.7634548879315086,0.7323835749269226,0.6666666666666666,0.9274242319037788,0.2819232636686082,0.5460803684728449,0.7475273972960195,0.3957918916450735,0.9899883695033753,0.6666666666666665,0.9274242319037944,0.2688919910121426,0.5296205978818995,0.7385945843674667,0.39563908620941496,0.9898680292686469
60.875,0.0,0.0,0.7635601274975208,0.732383729388057,0.6666666666666666,0.927424231903768,0.28187794998065374,0.5460099008047932,0.7474844122941983,0.39647814164571626,0.9899876199168122,0.6666666666666665,0.9274242319039924,0.26880369930136777,0.5294856400715195,0.7385100436977391,0.3963134184412146,0.9898666252288776
61.0,0.0,0.0,0.7636652202369346,0.7323838816178679,0.6666666666666666,0.9274242319038151,0.28183308143847424,0.5459400855306762,0.7474418021205427,0.39716401165900206,0.9899868763358807,0.6666666666666665,0.9274242319036505,0.2687159066350581,0.5293514181192644,0.7384259181482473,0.396987320788512,0.9898652276747311
61.125,0.0,0.0,0.7637701674735102,0.732384031652682,0.6666666666666666,0.927424231903818,0.281788654641556,0.5458709178082518,0.747399564229578,0.39784950278885856,0.9899861387303964,0.6666666666666665,0.9274242319037779,0.2686286090844484,0.5292179265685141,0.7383422050577819,0.39766079442061036,0.989863836576899
61.25,0.0,0.0,0.7638749705183248,0.7323841795280036,0.6666666666666666,0.9274242319038182,0.28174466622481603,0.5458023928404355,0.7473576960961222,0.39853461613337554,0.9899854070699354,0.6666666666666665,0.927424231903991,0.2685418027601994,0.5290851600121733,0.7382589017842472,0.3983338405007731,0.9898624519057913
61.375,0.0,0.0,0.7639796306696212,0.7323843252785422,0.6666666666666666,0.9274242319038185,0.28170111285624494,0.5457345058753593,0.7473161952152308,0.39921935278484355,0.9899846813238593,0.6666666666666665,0.9274242319037032,0.2684554838119201,0.5289531130921832,0.7381760057045634,0.39900646018626246,0.9898610736315606
61.5,0.0,0.0,0.7640841492130691,0.7323844689382364,0.6666666666666666,0.9274242319038178,0.28165799123736135,0.545667252205636,0.7472750591020102,0.399903713829794,0.9899839614613377,0.6666666666666665,0.927424231903789,0.26836964842768973,0.5288217804990384,0.7380935142145645,0.3996786546283783,0.9898597017241272
61.625,0.0,0.0,0.764188527421887,0.732384610540279,0.6666666666666666,0.927424231903818,0.2816152981025858,0.5456006271679538,0.7472342852914555,0.40058770034903773,0.9899832474513729,0.6666666666666665,0.9274242319039099,0.2682842928336085,0.5286911569713043,0.7380114247288956,0.40035042497249596,0.9898583361532008
61.75,0.0,0.0,0.7642927665569932,0.7323847501171411,0.6666666666666666,0.9274242319038181,0.28157303021896124,0.5455346261425617,0.7471938713383,0.4012713134177048,0.9899825392628192,0.6666666666666665,0.9274242319036748,0.2681994132933416,0.528561237295139,0.7379297346809096,0.40102177235810404,0.9898569768883032
61.875,0.0,0.0,0.7643968678671653,0.7323848877005931,0.6666666666666665,0.927424231903818,0.2815311843858535,0.5454692445527738,0.747153814816853,0.4019545541052819,0.9899818368644037,0.6666666666666665,0.9274242319037562,0.2681150061076585,0.5284320163038227,0.7378484415225596,0.4016926979188428,0.989855623898787
62.0,0.0,0.0,0.7645008325891459,0.7323850233217278,0.6666666666666666,0.9274242319038178,0.2814897574343832,0.5454044778645578,0.7471141133208513,0.4026374234756518,0.9899811402247458,0.6666666666666665,0.9274242319039857,0.2680310676140047,0.528303488877285,0.7377675427242931,0.40236320278254106,0.9898542771538567
62.125,0.0,0.0,0.764604661947783,0.7323851570109802,0.6666666666666666,0.927424231903818,0.2814487462270225,0.5453403215860806,0.7470747644633051,0.4033199225871302,0.9899804493123744,0.6666666666666665,0.9274242319037507,0.26794759418605946,0.52817564994164,0.7376870357749431,0.4030332880712535,0.9898529366225857
62.25,0.0,0.0,0.7647083571561566,0.7323852887981471,0.6666666666666666,0.9274242319038181,0.2814081476571983,0.5452767712672604,0.7470357658763408,0.40400205249250365,0.989979764095745,0.6666666666666665,0.9274242319037521,0.2678645822332958,0.5280484944687266,0.7376069181816175,0.40370295490129793,0.9898516022739341
62.375,0.0,0.0,0.7648119194157477,0.7323854187124075,0.6666666666666666,0.9274242319038182,0.28136795864919334,0.5452138224992388,0.7469971152110338,0.4046838142390677,0.9899790845432562,0.6666666666666665,0.927424231903981,0.26778202820057084,0.5279220174756469,0.7375271874695898,0.4043722043832918,0.9898502740767657
62.5,0.0,0.0,0.7649153499165252,0.73238554678234,0.6666666666666666,0.9274242319038207,0.2813281761574423,0.5451514709140304,0.7469588101372716,0.4053652088686626,0.9899784106232643,0.6666666666666665,0.9274242319037969,0.26769992856769936,0.527796214024315,0.7374478411821863,0.4050410376221889,0.9898489519998627
62.625,0.0,0.0,0.7650186498370947,0.7323856730359402,0.6666666666666666,0.9274242319038302,0.28128879716634253,0.545089712184034,0.7469208483435883,0.40604623741771123,0.9899777423040974,0.6666666666666665,0.9274242319037177,0.267618279849032,0.5276710792210073,0.7373688768806738,0.40570945571731554,0.9898476360119405
62.75,0.0,0.0,0.7651218203448121,0.7323857975006386,0.6666666666666666,0.9274242319038244,0.281249818689858,0.5450285420216079,0.7468832275370137,0.4067269009172547,0.9899770795540694,0.6666666666666665,0.9274242319040173,0.26753707859306325,0.5275466082159135,0.7372902921441467,0.40637745976240675,0.9898463260816622
62.875,0.0,0.0,0.7652248625959287,0.7323859202033163,0.6666666666666666,0.9274242319038178,0.2812112377711644,0.5449679561786398,0.7468459454429194,0.40740720039298917,0.9899764223414925,0.6666666666666665,0.9274242319038462,0.2674563213820175,0.5274227962026986,0.737212084569412,0.4070450508456417,0.9898450221776517
63.0,0.0,0.0,0.7653277777356992,0.7323860411703209,0.6666666666666666,0.9274242319038146,0.2811730514823001,0.5449079504461212,0.7468089998048648,0.4080871368653009,0.9899757706346889,0.6666666666666665,0.9274242319036131,0.267376004831452,0.5272996384180632,0.7371342517708753,0.4077122300496797,0.9898437242685056
63.125,0.0,0.0,0.7654305668985001,0.7323861604274822,0.6666666666666666,0.9274242319038147,0.2811352569238218,0.5448485206537262,0.7467723883844453,0.4087667113493028,0.9899751244020023,0.6666666666666665,0.9274242319039949,0.2672961255898711,0.5271771301413082,0.7370567913804258,0.4083789984516951,0.9898424323228057
63.25,0.0,0.0,0.7655332312079455,0.732386278000125,0.6666666666666666,0.9274242319037944,0.28109785122446423,0.5447896626693961,0.7467361089611401,0.4094459248548691,0.9899744836118084,0.6666666666666665,0.9274242319038926,0.2672166803383351,0.5270552666939088,0.7369797010473192,0.4090453571234129,0.9898411463091296
63.375,0.0,0.0,0.7656357717770502,0.7323863939130854,0.6666666666666666,0.9274242319038313,0.28106083154080697,0.5447313723989252,0.7467001593321607,0.41012477838667005,0.9899738482325251,0.6666666666666665,0.9274242319035907,0.2671376657900804,0.5269340434390851,0.7369029784380635,0.40971130713114284,0.9898398661960618
63.5,0.0,0.0,0.7657381897082418,0.7323865081907227,0.6666666666666666,0.9274242319038197,0.2810241950569435,0.5446736457855565,0.7466645373123006,0.41080327294420754,0.9899732182326215,0.6666666666666665,0.9274242319039683,0.26705907869014117,0.526813455781382,0.7368266212363008,0.4103768495358147,0.9898385919522034
63.625,0.0,0.0,0.7658404860935707,0.732386620856933,0.6666666666666666,0.9274242319037291,0.2809879389841542,0.5446164788095773,0.7466292407337852,0.4114814095218488,0.9899725935806274,0.6666666666666665,0.9274242319039295,0.2669809158149819,0.5266934991662522,0.7367506271426914,0.4110419853930123,0.9898373235461811
63.75,0.0,0.0,0.7659426620149057,0.7323867319351614,0.6666666666666666,0.9274242319038634,0.28095206056058375,0.5445598674879201,0.7465942674461227,0.4121591891088607,0.9899719742451405,0.6666666666666665,0.9274242319036046,0.2669031739721298,0.5265741690796407,0.736674993874797,0.41170671575300744,0.9898360609466572
63.875,0.0,0.0,0.766044718543709,0.7323868414484143,0.6666666666666666,0.9274242319038665,0.2809165570509323,0.5445038078737716,0.746559615315955,0.4128366126894438,0.9899713601948354,0.6666666666666665,0.9274242319038761,0.2668258499998091,0.5264554610475768,0.7365997191669628,0.4123710416607942,0.9898348041223368
64.0,0.0,0.0,0.7661466567414805,0.7323869494192712,0.6666666666666666,0.9274242319037044,0.2808814257461375,0.5444482960561804,0.746525282226912,0.4135136812427651,0.9899707513984701,0.6666666666666665,0.927424231903873,0.26674894076659095,0.5263373706357684,0.7365248007702009,0.41303496415612206,0.9898335530419764
64.125,0.0,0.0,0.7662484776599154,0.7323870558698955,0.6666666666666666,0.9274242319038023,0.2808466639630557,0.544393328159673,0.7464912660794635,0.4141903957429931,0.989970147824893,0.6666666666666665,0.9274242319036347,0.26667244317103955,0.5262198934491988,0.7364502364520726,0.41369848427352984,0.9898323076743911
64.25,0.0,0.0,0.7663501823405839,0.7323871608220458,0.6666666666666666,0.9274242319038168,0.2808122690441702,0.5443389003438862,0.7464575647907633,0.4148667571593292,0.9899695494430502,0.6666666666666665,0.9274242319038771,0.26659635414136273,0.5261030251317308,0.7363760239965718,0.4143616030423783,0.9898310679884619
64.375,0.0,0.0,0.7664517718154606,0.7323872642970854,0.6666666666666666,0.9274242319038181,0.2807782383573046,0.5442850088031465,0.7464241762945454,0.41554276645604066,0.9899689562219897,0.6666666666666665,0.9274242319039308,0.2665206706350713,0.525986761365713,0.736302161204006,0.41502432148688345,0.9898298339531418
64.5,0.0,0.0,0.7665532471068385,0.7323873663159939,0.6666666666666666,0.927424231903818,0.28074456929528413,0.5442316497661658,0.7463910985409142,0.4162184245924937,0.9899683681308687,0.6666666666666665,0.9274242319035174,0.2664453896386454,0.5258710978715881,0.7362286458908814,0.4156866406261487,0.989828605537463
64.625,0.0,0.0,0.7666546092274709,0.7323874668993751,0.6666666666666666,0.9274242319038178,0.280711259275692,0.5441788194956221,0.7463583294962498,0.4168937325231855,0.9899677851389583,0.6666666666666665,0.9274242319038296,0.2663705081671898,0.5257560304075096,0.7361554758897839,0.41634856147419824,0.9898273827105416
64.75,0.0,0.0,0.7667558591806847,0.7323875660674677,0.6666666666666666,0.9274242319038178,0.28067830574067487,0.5441265142877757,0.7463258671430512,0.4175686911977759,0.9899672072156481,0.6666666666666665,0.9274242319039363,0.26629602326411705,0.5256415547689591,0.7360826490492629,0.41701008504000814,0.9898261654415837
64.875,0.0,0.0,0.7668569979604389,0.7323876638401543,0.6666666666666666,0.927424231903818,0.2806457061563297,0.5440747304722109,0.7462937094797996,0.41824330156111916,0.9899666343304514,0.6666666666666665,0.9274242319036679,0.266221932000819,0.5255276667883673,0.7360101632337148,0.41767121232753884,0.989824953699891
65.0,0.0,0.0,0.7669580265514481,0.7323877602369693,0.6666666666666666,0.9274242319038181,0.28061345801264187,0.5440234644114161,0.7462618545208144,0.4189175645532954,0.9899660664530088,0.6666666666666665,0.9274242319038387,0.2661482314763411,0.5254143623347413,0.7359380163232659,0.41833194433576715,0.9898237474548649
65.125,0.0,0.0,0.7670589459293167,0.7323878552771081,0.6666666666666666,0.927424231903818,0.28058155882345304,0.5439727125003609,0.7462303002961057,0.41959148110964184,0.9899655035530924,0.6666666666666665,0.9274242319039395,0.2660749188170727,0.5253016373132942,0.7358662062136565,0.4189922820587171,0.9898225466760114
65.25,0.0,0.0,0.7671597570605821,0.7323879489794348,0.6666666666666666,0.9274242319038178,0.28055000612580244,0.5439224711662599,0.7461990448512502,0.4202650521607836,0.9899649456006099,0.6666666666666665,0.9274242319035932,0.26600199117643814,0.525189487665077,0.7357947308161251,0.4196522264854917,0.9898213513329456
65.375,0.0,0.0,0.767260460902829,0.7323880413624907,0.6666666666666666,0.927424231903818,0.2805187974797667,0.5438727368681988,0.7461680862472493,0.4209382786326641,0.9899643925656075,0.6666666666666665,0.9274242319038003,0.2659294457345763,0.5250779093666185,0.7357235880572921,0.42031177860030366,0.9898201613953951
65.5,0.0,0.0,0.7673610584047715,0.7323881324445015,0.6666666666666666,0.927424231903818,0.28048793046815934,0.5438235060968077,0.7461374225603918,0.42161116144657595,0.9899638444182735,0.6666666666666665,0.9274242319039602,0.2658572796980492,0.5249668984295653,0.7356527758790451,0.42097093938250646,0.9898189768332045
65.625,0.0,0.0,0.7674615505063802,0.7323882222433843,0.6666666666666666,0.927424231903818,0.28045740269647623,0.5437747753738644,0.7461070518821143,0.4222837015191906,0.9899633011289404,0.6666666666666665,0.927424231903632,0.2657854902995409,0.5248564509003258,0.7355822922384239,0.4216297098066245,0.9898177976163384
65.75,0.0,0.0,0.7675619381389552,0.7323883107767556,0.6666666666666666,0.9274242319038178,0.2804272117925365,0.5437265412519924,0.7460769723188697,0.42295589976258824,0.9899627626680886,0.6666666666666665,0.9274242319037874,0.26571407479755194,0.5247465628597208,0.7355121351075058,0.42228809084238417,0.9898166237148847
65.875,0.0,0.0,0.7676622222252034,0.7323883980619379,0.6666666666666666,0.9274242319038178,0.28039735540608274,0.5436788003143739,0.7460471819920004,0.42362775708428785,0.9899622290063482,0.6666666666666665,0.9274242319039389,0.2656430304761189,0.5246372304226344,0.7354423024732915,0.4229460834547431,0.9898154550990579
66.0,0.0,0.0,0.7677624036793304,0.732388484115966,0.6666666666666666,0.927424231903818,0.2803678312085777,0.5436315491744157,0.7460176790376011,0.42429927438727577,0.9899617001145018,0.6666666666666665,0.927424231903651,0.2655723546445244,0.5245284497376701,0.7353727923375916,0.42360368860392034,0.9898142917392017
66.125,0.0,0.0,0.7678624834071454,0.7323885689555942,0.6666666666666666,0.927424231903818,0.28033863689307076,0.5435847844753946,0.7459884616063854,0.4249704525700357,0.9899611759634861,0.6666666666666665,0.9274242319037674,0.26550204463700355,0.5244202169868118,0.7353036027169134,0.42426090724542664,0.9898131336057917
66.25,0.0,0.0,0.767962462306154,0.7323886525973019,0.6666666666666666,0.9274242319038178,0.28030977017401587,0.5435385028901241,0.7459595278635547,0.4256412925265768,0.9899606565243941,0.6666666666666665,0.9274242319040549,0.26543209781247534,0.5243125283850856,0.7352347316423483,0.4249177403300931,0.9898119806694381
66.375,0.0,0.0,0.7680623412656212,0.7323887350573001,0.6666666666666666,0.9274242319038178,0.28028122878681,0.5434927011207035,0.7459308759886758,0.42631179514646295,0.9899601417684765,0.6666666666666665,0.9274242319036978,0.2653625115542632,0.5242053801802262,0.7351661771594595,0.42557418880410064,0.9898108329008873
66.5,0.0,0.0,0.7681621211666667,0.7323888163515371,0.6666666666666666,0.927424231903818,0.2802530104876542,0.5434473758981818,0.7459025041755506,0.4269819613148406,0.9899596316671434,0.6666666666666665,0.9274242319037499,0.2652932832698111,0.5240987686523506,0.7350979373281703,0.4262302536090091,0.989809690271025
66.625,0.0,0.0,0.7682618028823363,0.7323888964957043,0.6666666666666666,0.927424231903818,0.28022511305324477,0.5434025239822754,0.7458744106320887,0.42765179191246727,0.9899591261919661,0.6666666666666665,0.927424231904085,0.2652244103904279,0.523992690113628,0.7350300102226529,0.42688593568178596,0.9898085527508769
66.75,0.0,0.0,0.7683613872777151,0.7323889755052422,0.6666666666666666,0.927424231903818,0.28019753428073363,0.5433581421610095,0.7458465935801774,0.42832128781573925,0.9899586253146778,0.6666666666666665,0.9274242319037378,0.2651558903710179,0.5238871409079594,0.7349623939312183,0.42754123595483473,0.9898074203116117
66.875,0.0,0.0,0.7684608752099987,0.7323890533953445,0.6666666666666666,0.9274242319038178,0.2801702719874361,0.5433142272504392,0.7458190512555588,0.4289904498967197,0.989958129007175,0.6666666666666665,0.9274242319037549,0.26508772068980757,0.523782117410659,0.7348950865562061,0.4281961553560237,0.9898062929245418
67.0,0.0,0.0,0.7685602675285572,0.7323891301809649,0.6666666666666666,0.927424231903818,0.2801433240104549,0.5432707760943959,0.7457917819077137,0.4296592790231652,0.9899576372415183,0.6666666666666665,0.9274242319040485,0.26501989884809946,0.5236776160281368,0.7348280862138745,0.42885069480871363,0.9898051705611254
67.125,0.0,0.0,0.7686595650750173,0.7323892058768208,0.6666666666666666,0.9274242319038181,0.28011668820649555,0.5432277855641883,0.7457647837997312,0.43032777605855393,0.9899571499899337,0.6666666666666665,0.9274242319037387,0.2649524223700138,0.5235736331975873,0.7347613910342928,0.429504855231786,0.9898040531929675
67.25,0.0,0.0,0.7687587686833561,0.7323892804973993,0.6666666666666666,0.927424231903818,0.28009036245175134,0.5431852525582839,0.7457380552081884,0.430995941862112,0.9899566672248125,0.6666666666666665,0.9274242319037399,0.26488528880222545,0.5234701653866816,0.7346949991612317,0.4301586375396705,0.9898029407918211
67.375,0.0,0.0,0.7688578791799917,0.7323893540569615,0.6666666666666666,0.9274242319038178,0.28006434464176827,0.543143174002001,0.7457115944230266,0.43166377728884064,0.9899561889187128,0.6666666666666665,0.9274242319039547,0.26481849571372734,0.5233672090932596,0.734628908752057,0.43081204264237255,0.9898018333295886
67.5,0.0,0.0,0.7689568973838269,0.7323894265695466,0.6666666666666666,0.9274242319038178,0.28003863269099744,0.5431015468472928,0.7456853997474391,0.43233128318954256,0.9899557150443599,0.6666666666666665,0.9274242319037964,0.26475204069558017,0.5232647608450299,0.7345631179776217,0.4314650714455007,0.9898007307783228
67.625,0.0,0.0,0.769055824106344,0.7323894980489778,0.6666666666666666,0.927424231903818,0.2800132245326833,0.5430603680724434,0.7456594694977499,0.43299846041084794,0.9899552455746458,0.6666666666666665,0.9274242319037768,0.2646859213606625,0.5231628171992703,0.7344976250221603,0.43211772485029376,0.9897996331102273
67.75,0.0,0.0,0.7691546601516657,0.7323895685088652,0.6666666666666666,0.9274242319038181,0.27998811811859314,0.5430196346818116,0.7456338020032955,0.433665309795241,0.9899547804826307,0.6666666666666665,0.927424231903895,0.2646201353434423,0.5230613747425308,0.7344324280831829,0.4327700037536471,0.989798540297658
67.875,0.0,0.0,0.7692534063166617,0.7323896379626105,0.6666666666666666,0.9274242319038178,0.27996331141901853,0.5429793437054989,0.7456083956063053,0.4343318321810855,0.9899543197415428,0.6666666666666665,0.927424231903817,0.2645546802997335,0.5229604300903425,0.7343675253713702,0.43342190904814026,0.9897974523131231
68.0,0.0,0.0,0.7693520633910015,0.732389706423412,0.6666666666666666,0.9274242319038178,0.2799388024224474,0.5429394921991179,0.7455832486617885,0.43499802840265095,0.9899538633247783,0.6666666666666665,0.9274242319036342,0.2644895539064593,0.5228599798869293,0.7343029151104686,0.43407344162206263,0.9897963691292844
68.125,0.0,0.0,0.7694506321572199,0.7323897739042673,0.6666666666666666,0.9274242319038178,0.2799145891352539,0.5429000772435569,0.7455583595374262,0.4356638992901371,0.9899534112059016,0.6666666666666665,0.9274242319040348,0.2644247538614312,0.5227600208049177,0.7342385955371884,0.4347246023594399,0.989795290718957
68.25,0.0,0.0,0.7695491133907862,0.7323898404179783,0.6666666666666666,0.927424231903818,0.2798906695815315,0.5428610959447124,0.7455337266134516,0.4363294456697,0.9899529633586454,0.6666666666666665,0.9274242319039865,0.26436027788311034,0.5226605495450595,0.7341745649010978,0.4353753921400602,0.9897942170551106
68.375,0.0,0.0,0.7696475078602006,0.7323899059771544,0.6666666666666666,0.9274242319038178,0.27986704180307265,0.5428225454331792,0.7455093482825358,0.43699466836347645,0.9899525197569103,0.6666666666666665,0.9274242319033676,0.2642961237103924,0.5225615628359467,0.7341108214645233,0.43602581183950023,0.9897931481108693
68.5,0.0,0.0,0.7697458163270595,0.7323899705942161,0.6666666666666666,0.9274242319038178,0.2798437038591452,0.5427844228640031,0.7454852229496777,0.4376595681896095,0.9899520803747656,0.6666666666666665,0.9274242319038394,0.2642322891023723,0.522463057433738,0.7340473635024465,0.43667586232915023,0.9897920838595119
68.625,0.0,0.0,0.7698440395461065,0.7323900342813993,0.6666666666666666,0.927424231903818,0.2798206538261085,0.542746725416482,0.7454613490321009,0.4383241459622722,0.9899516451864474,0.6666666666666665,0.9274242319039155,0.2641687718381406,0.5223650301218838,0.7339841893024033,0.4373255444762401,0.9897910242744724
68.75,0.0,0.0,0.7699421782652933,0.7323900970507584,0.6666666666666666,0.9274242319038181,0.2797978897972626,0.5427094502939079,0.7454377249591392,0.4389884024916925,0.9899512141663603,0.6666666666666665,0.9274242319036073,0.26410556971655796,0.5222674777108549,0.7339212971643843,0.4379748591438641,0.98978996932934
68.875,0.0,0.0,0.7700402332258779,0.732390158914169,0.6666666666666666,0.927424231903818,0.2797754098828239,0.5426725947232747,0.745414349172126,0.4396523385841771,0.9899507872890756,0.6666666666666665,0.9274242319038342,0.2640426805560405,0.5221703970378748,0.7338586854007346,0.4386238071910064,0.9897889189978591
69.0,0.0,0.0,0.770138205162494,0.732390219883333,0.6666666666666666,0.9274242319038178,0.2797532122097748,0.5426361559550233,0.7453912201242863,0.44031595504213583,0.9899503645293317,0.6666666666666665,0.9274242319039046,0.26398010219435303,0.522073784966656,0.7337963523360549,0.4392723894725658,0.9897878732539294
69.125,0.0,0.0,0.7702360948031877,0.7323902799697796,0.6666666666666666,0.9274242319038181,0.2797312949214509,0.5426001312628652,0.745368336280639,0.4409792526641052,0.9899499458620337,0.6666666666666665,0.9274242319035506,0.2639178324884012,0.5219776383871358,0.7337342963071037,0.43992060683938006,0.9897868320716058
69.25,0.0,0.0,0.7703339028694833,0.7323903391848706,0.6666666666666666,0.927424231903818,0.2797096561773911,0.5425645179435385,0.7453456961178876,0.4416422322447717,0.9899495312622523,0.6666666666666665,0.9274242319037996,0.2638558693140183,0.5218819542152189,0.7336725156626994,0.4405684601382511,0.9897857954250986
69.375,0.0,0.0,0.7704316300764712,0.7323903975398022,0.6666666666666666,0.927424231903818,0.27968829415331825,0.542529313316529,0.7453232981243114,0.4423048945749957,0.9899491207052246,0.6666666666666665,0.9274242319040329,0.2637942105657706,0.5217867293925205,0.7336110087636237,0.4412159502119686,0.9897847632887729
69.5,0.0,0.0,0.7705292771328784,0.7323904550456081,0.6666666666666666,0.9274242319038178,0.2796672070410304,0.5424945147238163,0.7453011407996628,0.44296724044183444,0.9899487141663519,0.6666666666666665,0.9274242319036557,0.26373285415675596,0.5216919608861121,0.7335497739825257,0.4418630778993344,0.9897837356371488
69.625,0.0,0.0,0.7706268447411042,0.7323905117131629,0.6666666666666666,0.9274242319038181,0.27964639304797567,0.542460119529715,0.745279222655073,0.44362927062856466,0.9899483116212001,0.6666666666666665,0.927424231903793,0.26367179801839585,0.5215976456882724,0.7334888097038257,0.4425098440351866,0.9897827124449012
69.75,0.0,0.0,0.7707243335972783,0.732390567553185,0.6666666666666666,0.9274242319038181,0.2796258503971054,0.5424261251206434,0.7452575422129462,0.44429098591470595,0.9899479130454996,0.6666666666666665,0.927424231903992,0.2636110401002515,0.5215037808162378,0.7334281143236215,0.44315624945042315,0.9897816936868592
69.875,0.0,0.0,0.7708217443913489,0.7323906225762387,0.6666666666666666,0.9274242319038177,0.2796055773268817,0.5423925289048498,0.7452360980068558,0.4449523870760429,0.9899475184151431,0.6666666666666665,0.9274242319036298,0.2635505783698293,0.5214103633119569,0.7333676862495943,0.44380229497202517,0.989780679338006
70.0,0.0,0.0,0.7709190778071515,0.7323906767927372,0.6666666666666666,0.9274242319038181,0.279585572091168,0.5423593283121724,0.7452148885814441,0.44561347488464786,0.9899471277061866,0.6666666666666665,0.9274242319037632,0.26349041081237934,0.5213173902418498,0.7333075239009142,0.4444479814230809,0.9897796693734784
70.125,0.0,0.0,0.7710163345224328,0.732390730212946,0.6666666666666666,0.927424231903818,0.27956583295880033,0.5423265207938938,0.7451939124923337,0.44627425010890287,0.9899467408948476,0.6666666666666665,0.9274242319040437,0.2634305354307197,0.5212248586965664,0.7332476257081496,0.4450933096228083,0.989778663768567
70.25,0.0,0.0,0.771113515208918,0.7323907828469846,0.6666666666666666,0.927424231903818,0.2795463582134566,0.5422941038225186,0.7451731683060238,0.44693471351352193,0.9899463579575049,0.6666666666666665,0.9274242319036934,0.26337095024504725,0.5211327657907496,0.7331879901131738,0.4457382803865783,0.989777662498715
70.375,0.0,0.0,0.7712106205323936,0.7323908347048295,0.6666666666666666,0.927424231903818,0.2795271461537128,0.5422620748914985,0.7451526545997897,0.4475948658595727,0.9899459788706978,0.6666666666666665,0.9274242319037711,0.26331165329274514,0.5210411086628012,0.733128615569074,0.446382894525938,0.9897766655395183
70.5,0.0,0.0,0.7713076511527659,0.7323908857963158,0.6666666666666666,0.9274242319038182,0.27950819509287866,0.5422304315150189,0.7451323699615886,0.4482547079044983,0.9899456036111248,0.6666666666666665,0.92742423190399,0.26325264262821263,0.5209498844746488,0.7330695005400616,0.4470271528486327,0.9897756728667243
70.625,0.0,0.0,0.7714046077240874,0.7323909361311415,0.6666666666666666,0.9274242319038178,0.2794895033585845,0.5421991712278633,0.745112312989973,0.44891424040213884,0.9899452321556438,0.6666666666666665,0.927424231903754,0.2631939163226835,0.5208590904115168,0.7330106435013821,0.4476710561586288,0.9897746844562328
70.75,0.0,0.0,0.7715014908946192,0.732390985718868,0.6666666666666666,0.927424231903818,0.2794710692926922,0.5421682915851901,0.7450924822939906,0.44957346410275223,0.9899448644812698,0.6666666666666665,0.9274242319037814,0.26313547246404084,0.5207687236816998,0.7329520429392253,0.44831460525613603,0.989773700284094
70.875,0.0,0.0,0.7715983013069236,0.732391034568923,0.6666666666666666,0.9274242319038178,0.27945289125140055,0.542137790162255,0.745072876493087,0.45023237975303626,0.989944500565176,0.6666666666666665,0.9274242319039466,0.26307730915665195,0.520678781516337,0.7328936973506383,0.4489578009376296,0.9897727203265086
71.0,0.0,0.0,0.771695039597896,0.7323910826906033,0.6666666666666666,0.927424231903818,0.2794349676049528,0.5421076645542476,0.7450534942170178,0.45089098809614886,0.9899441403846914,0.6666666666666665,0.9274242319037744,0.2630194245211945,0.5205892611691901,0.7328356052434366,0.44960064399587213,0.9897717445598275
71.125,0.0,0.0,0.7717917063988065,0.7323911300930762,0.6666666666666666,0.927424231903818,0.2794172967373163,0.5420779123761389,0.7450343341057634,0.4515492898717289,0.9899437839173005,0.6666666666666665,0.9274242319036977,0.26296181669447655,0.5205001599164258,0.7327777651361175,0.45024313521993564,0.9897707729605506
71.25,0.0,0.0,0.7718883023353578,0.7323911767853825,0.6666666666666666,0.927424231903818,0.2793998770461342,0.5420485312624606,0.7450153948094308,0.45220728581591696,0.9899434311406426,0.6666666666666665,0.9274242319041787,0.2629044838292813,0.5204114750563946,0.7327201755577746,0.4508852753952226,0.9897698055053267
71.375,0.0,0.0,0.7719848280277765,0.7323912227764378,0.6666666666666666,0.9274242319038178,0.2793827069428448,0.5420195188670333,0.7449966749881616,0.4528649766613761,0.9899430820325106,0.6666666666666665,0.9274242319038877,0.26284742409419326,0.5203232039094199,0.7326628350480107,0.4515270653034885,0.9897688421709524
71.5,0.0,0.0,0.7720812840908311,0.732391268075035,0.6666666666666666,0.9274242319038181,0.27936578485223773,0.541990872862856,0.7449781733120517,0.45352236313731153,0.9899427365708503,0.6666666666666665,0.9274242319035589,0.26279063567343214,0.520235343817583,0.732605742156854,0.452168505722862,0.9897678829343719
71.625,0.0,0.0,0.7721776711338749,0.7323913126898463,0.6666666666666666,0.927424231903818,0.2793491092122742,0.5419625909419283,0.7449598884610623,0.45417944596949106,0.989942394733759,0.6666666666666665,0.9274242319040635,0.2627341167666937,0.5201478921445134,0.7325488954446739,0.45280959742786653,0.989766927772676
71.75,0.0,0.0,0.7722739897609199,0.732391356629425,0.6666666666666665,0.927424231903818,0.2793326784741198,0.5419346708150156,0.744941819124928,0.4548362258802651,0.9899420564994855,0.6666666666666665,0.9274242319039012,0.26267786558899253,0.5200608462751817,0.7324922934820967,0.45345034118944166,0.9897659766631018
71.875,0.0,0.0,0.7723702405707084,0.7323913999022076,0.6666666666666666,0.9274242319038177,0.279316491102142,0.5419071102114211,0.7449239640030687,0.4554927035885863,0.9899417218464286,0.6666666666666665,0.9274242319036264,0.26262188037049666,0.5199742036156928,0.732435934849923,0.4540907377749633,0.9897650295830314
72.0,0.0,0.0,0.7724664241567195,0.7323914425165161,0.6666666666666666,0.9274242319038181,0.2793005455734306,0.5418799068788981,0.7449063218045157,0.456148879810029,0.9899413907531358,0.6666666666666665,0.9274242319039748,0.26256615935637445,0.5198879615930828,0.7323798181390463,0.45473078794826444,0.9897640865099918
72.125,0.0,0.0,0.7725625411072241,0.7323914844805585,0.6666666666666666,0.927424231903818,0.2792848403777165,0.5418530585834559,0.7448888912478202,0.4568047552568091,0.9899410631983028,0.6666666666666665,0.9274242319038701,0.26251070080664257,0.5198021176551186,0.7323239419503702,0.4553704924696562,0.9897631474216537
72.25,0.0,0.0,0.7726585920053745,0.7323915258024323,0.6666666666666666,0.9274242319038178,0.279269374017558,0.5418265631090896,0.744871671060965,0.45746033063780295,0.9899407391607729,0.6666666666666665,0.9274242319037174,0.2624555029960083,0.519716669270098,0.7322683048947284,0.4560098520959477,0.9897622122958314
72.375,0.0,0.0,0.7727545774292307,0.7323915664901254,0.6666666666666666,0.9274242319038178,0.27925414500799056,0.5418004182576607,0.7448546599812879,0.4581156066585669,0.9899404186195356,0.6666666666666665,0.9274242319039752,0.2624005642137214,0.5196316139266526,0.7322129055928044,0.456648867580466,0.9897612811104813
72.5,0.0,0.0,0.7728504979517878,0.7323916065515177,0.6666666666666666,0.9274242319038181,0.2792391518762672,0.5417746218487587,0.7448378567554023,0.45877058402135573,0.9899401015537256,0.6666666666666665,0.9274242319038979,0.2623458827634253,0.5195469491335547,0.7321577426750515,0.45728753967307684,0.9897603538437016
72.625,0.0,0.0,0.7729463541410412,0.7323916459943829,0.6666666666666666,0.9274242319038182,0.2792243931618642,0.5417491717194928,0.7448212601391103,0.45942526342514184,0.9899397879426215,0.6666666666666665,0.9274242319036022,0.26229145696300976,0.5194626724195226,0.7321028147816144,0.45792586912020394,0.9897594304737314
72.75,0.0,0.0,0.7730421465600655,0.732391684826391,0.6666666666666666,0.927424231903818,0.27920986741659226,0.541724065724251,0.7448048688973187,0.4600796455656339,0.9899394777656457,0.6666666666666665,0.927424231903907,0.26223728514446193,0.5193787813330317,0.7320481205622512,0.45856385666484883,0.9897585109789501
72.875,0.0,0.0,0.7731378757670144,0.7323917230551088,0.6666666666666666,0.927424231903818,0.279195573204086,0.5416993017346351,0.7447886818039713,0.4607337311352953,0.9899391710023633,0.6666666666666665,0.9274242319039275,0.2621833656537273,0.5192952734421261,0.7319936586762547,0.4592015030466106,0.9897575953378762
73.0,0.0,0.0,0.7732335423151668,0.7323917606880022,0.6666666666666666,0.927424231903818,0.27918150909970657,0.5416748776392908,0.7447726976419637,0.4613875208233624,0.9899388676324803,0.6666666666666665,0.9274242319036043,0.2621296968505668,0.5192121463342307,0.7319394277923768,0.4598388090017053,0.9897566835291673
73.125,0.0,0.0,0.7733291467530196,0.7323917977324369,0.6666666666666665,0.9274242319038182,0.27916767369078155,0.5416507913436381,0.7447569152030588,0.4620410153158628,0.9899385676358431,0.6666666666666665,0.9274242319038711,0.2620762771084117,0.5191293976159687,0.7318854265887514,0.46047577526298494,0.9897557755316185
73.25,0.0,0.0,0.7734246896243022,0.7323918341956818,0.6666666666666666,0.927424231903818,0.2791540655762259,0.5416270407697782,0.7447413332878186,0.46269421529563365,0.9899382709924381,0.6666666666666665,0.9274242319039524,0.262023104814231,0.5190470249129784,0.7318316537528192,0.4611124025599568,0.989754871324162
73.375,0.0,0.0,0.7735201714680061,0.7323918700849081,0.6666666666666666,0.927424231903818,0.2791406833663166,0.5416036238563597,0.7447259507055273,0.46334712144233914,0.9899379776823896,0.6666666666666665,0.9274242319036278,0.26197017836839365,0.518965025869732,0.7317781079812523,0.46174869161880233,0.9897539708858661
73.5,0.0,0.0,0.7736155928184489,0.7323919054071928,0.6666666666666666,0.9274242319038178,0.2791275256827303,0.5415805385583796,0.7447107662741101,0.46399973443248843,0.9899376876859595,0.6666666666666665,0.9274242319038262,0.26191749618452664,0.5188833981493589,0.7317247879798802,0.4623846431623963,0.9897530741959348
73.625,0.0,0.0,0.7737109542053461,0.7323919401695195,0.6666666666666666,0.9274242319038182,0.2791145911586295,0.5415577828469645,0.7446957788200564,0.4646520549394535,0.9899374009835467,0.6666666666666665,0.9274242319039123,0.261865056689389,0.5188021394334685,0.7316716924636154,0.4630202579103251,0.9897521812337068
73.75,0.0,0.0,0.7738062561537977,0.7323919743787786,0.6666666666666666,0.927424231903818,0.27910187843812445,0.5415353547093288,0.7446809871783567,0.46530408363348624,0.9899371175556853,0.6666666666666665,0.9274242319037295,0.261812858322738,0.5187212474219747,0.7316188201563815,0.46365553657890507,0.9897512919786541
73.875,0.0,0.0,0.7739014991843483,0.7323920080417708,0.6666666666666666,0.9274242319038181,0.2790893861762779,0.541513252148593,0.7446663901924203,0.46595582118173584,0.9899368373830439,0.6666666666666665,0.9274242319038125,0.2617608995371935,0.5186407198329243,0.7315661697910393,0.4642904798812017,0.9897504064103821
74.0,0.0,0.0,0.7739966838130731,0.7323920411652076,0.6666666666666666,0.9274242319038178,0.27907711303935023,0.5414914731835277,0.7446519867139978,0.4666072682482663,0.9899365604464252,0.6666666666666665,0.9274242319040327,0.26170917879811284,0.5185605544023265,0.7315137401093155,0.4649250885270472,0.9897495245086286
74.125,0.0,0.0,0.7740918105515786,0.7323920737557115,0.6666666666666666,0.9274242319038181,0.2790650577043232,0.5414700158485007,0.7446377756031201,0.4672584254940732,0.9899362867267641,0.6666666666666665,0.9274242319036298,0.26165769458346944,0.5184807488839813,0.7314615298617317,0.4655593632230588,0.9897486462532622
74.25,0.0,0.0,0.7741868799070254,0.7323921058198193,0.6666666666666666,0.9274242319038181,0.2790532188586992,0.5414488781933561,0.7446237557280233,0.46790929357710076,0.9899360162051273,0.6666666666666665,0.9274242319036542,0.26160644538370936,0.5184013010493167,0.7314095378075335,0.46619330467265685,0.9897477716242826
74.375,0.0,0.0,0.774281892382223,0.7323921373639819,0.6666666666666666,0.927424231903818,0.27904159520079286,0.5414280582831549,0.7446099259650704,0.4685598731522582,0.989935748862712,0.6666666666666665,0.9274242319041738,0.26155542970164464,0.518322208687219,0.7313577627146199,0.4668269135760825,0.989746900601819
74.5,0.0,0.0,0.7743768484756501,0.7323921683945663,0.6666666666666666,0.9274242319038178,0.27903018543944313,0.5414075541980762,0.7445962851986879,0.469210164871437,0.9899354846808456,0.6666666666666665,0.9274242319037739,0.2615046460523238,0.518243469603872,0.7313062033594749,0.46746019063041544,0.9897460331661295
74.625,0.0,0.0,0.774471748681465,0.7323921989178567,0.6666666666666666,0.927424231903818,0.279018988293693,0.5413873640333307,0.7445828323213,0.46986016938352704,0.989935223640984,0.6666666666666665,0.9274242319036928,0.26145409296290306,0.5181650816225942,0.7312548585270972,0.4680931365295917,0.9897451692976004
74.75,0.0,0.0,0.7745665934895729,0.7323922289400557,0.6666666666666666,0.9274242319038181,0.27900800249291846,0.5413674858989583,0.7445695662332509,0.47050988733443283,0.9899349657247111,0.6666666666666665,0.9274242319040379,0.26140376897253664,0.5180870425836784,0.7312037270109333,0.46872575196442057,0.989744308976745
74.875,0.0,0.0,0.7746613833856936,0.7323922584672856,0.6666666666666666,0.927424231903818,0.2789972267768956,0.5413479179196338,0.7445564858427367,0.47115931936709005,0.9899347109137375,0.6666666666666665,0.9274242319038029,0.2613536726322551,0.5180093503442335,0.7311528076128088,0.4693580376226025,0.9897434521842038
75.0,0.0,0.0,0.7747561188513341,0.7323922875055892,0.6666666666666666,0.9274242319038181,0.2789866598952389,0.5413286582346525,0.7445435900657503,0.4718084661214814,0.9899344591899,0.6666666666666665,0.9274242319037422,0.26130380250484164,0.5179320027780283,0.7311020991428617,0.4699899941887458,0.9897425989007421
75.125,0.0,0.0,0.7748508003638604,0.7323923160609315,0.6666666666666666,0.927424231903818,0.27897630060751116,0.5413097049977398,0.7445308778260024,0.4724573282346528,0.9899342105351601,0.6666666666666665,0.9274242319041093,0.2612541571647235,0.5178549977753357,0.7310516004194759,0.47062162234438387,0.9897417491072504
75.25,0.0,0.0,0.774945428396571,0.7323923441392006,0.6666666666666666,0.9274242319038183,0.27896614768344663,0.5412910563768205,0.7445183480548534,0.47310590634072913,0.9899339649316031,0.6666666666666665,0.9274242319038347,0.2612047351978566,0.5177783332427798,0.7310013102692147,0.4712529227679924,0.9897409027847435
75.375,0.0,0.0,0.7750400034186782,0.7323923717462089,0.6666666666666666,0.9274242319038181,0.27895619990236725,0.5412727105540144,0.7445059996912607,0.47375420107092975,0.9899337223614382,0.6666666666666665,0.9274242319036535,0.2611555352016049,0.517702007103184,0.730951227526756,0.4718838961350056,0.9897400599143589
75.5,0.0,0.0,0.7751345258953501,0.7323923988876938,0.6666666666666666,0.9274242319038182,0.27894645605315266,0.5412546657254895,0.7444938316817058,0.4744022130535843,0.9899334828069962,0.6666666666666665,0.9274242319039642,0.2611065557846359,0.5176260172954212,0.730901351034827,0.47251454311783275,0.9897392204773566
75.625,0.0,0.0,0.7752289962878048,0.7323924255693194,0.6666666666666666,0.927424231903818,0.2789369149345819,0.5412369201012067,0.7444818429801238,0.4750499429141481,0.9899332462507292,0.6666666666666665,0.92742423190383,0.2610577955668082,0.5175503617742646,0.7308516796441402,0.4731448643858759,0.9897383844551185
75.75,0.0,0.0,0.7753234150532928,0.7323924517966773,0.6666666666666666,0.927424231903818,0.2789275753548125,0.5412194719049008,0.7444700325478519,0.4756973912752175,0.98993301267521,0.6666666666666665,0.9274242319035799,0.2610092531790582,0.5174750385102419,0.7308022122133291,0.47377486060554475,0.9897375518291469
75.875,0.0,0.0,0.7754177826451227,0.7323924775752874,0.6666666666666666,0.927424231903818,0.27891843613120604,0.54120231937398,0.744458399353563,0.47634455875654497,0.9899327820631303,0.6666666666666665,0.9274242319040293,0.260960927263296,0.5174000454894879,0.7307529476088859,0.474404532440274,0.989736722581064
76.0,0.0,0.0,0.7755120995127558,0.7323925029105994,0.6666666666666666,0.9274242319038184,0.2789094960907248,0.5411854607592609,0.7444469423731933,0.47699144597505444,0.9899325543973009,0.6666666666666665,0.9274242319038827,0.2609128164722983,0.5173253807136031,0.7307038847050977,0.47503388055053886,0.9897358966926116
76.125,0.0,0.0,0.7756063661018071,0.7323925278079937,0.6666666666666666,0.9274242319038183,0.2789007540695063,0.5411688943249283,0.7444356605898929,0.47763805354485583,0.9899323296606495,0.6666666666666665,0.9274242319036355,0.2608649194695985,0.51725104219951,0.7306550223839856,0.4756629055938716,0.9897350741456495
76.25,0.0,0.0,0.7757005828540485,0.7323925522727818,0.6666666666666666,0.9274242319038182,0.2788922089125828,0.5411526183484681,0.7444245529939624,0.47828438207726026,0.9899321078362209,0.6666666666666665,0.9274242319039742,0.2608172349293852,0.5171770279793121,0.7306063595352422,0.47629160822487693,0.9897342549221549
76.375,0.0,0.0,0.7757947502075065,0.7323925763102082,0.6666666666666666,0.9274242319038177,0.2788838594742792,0.541136631120408,0.744413618582783,0.4789304321807948,0.9899318889071756,0.6666666666666665,0.9274242319038694,0.26076976153640014,0.5171033361001555,0.7305578950561705,0.4769199890952483,0.9897334390042223
76.5,0.0,0.0,0.77588886859647,0.7323925999254505,0.6666666666666666,0.9274242319038182,0.2788757046178847,0.5411209309442564,0.7444028563607655,0.4795762044612166,0.9899316728567891,0.6666666666666665,0.9274242319036763,0.26072249798583236,0.5170299646240903,0.7305096278516244,0.47754804885378316,0.9897326263740613
76.625,0.0,0.0,0.7759829384514886,0.7323926231236211,0.6666666666666666,0.9274242319038182,0.27886774321531027,0.5411055161364537,0.7443922653392924,0.480221699521528,0.9899314596684508,0.6666666666666665,0.9274242319038999,0.26067544298321926,0.5169569116279344,0.7304615568339479,0.4781757881463987,0.9897318170139976
76.75,0.0,0.0,0.776076960199462,0.7323926459097677,0.6666666666666666,0.9274242319038177,0.27885997414745717,0.5410903850261304,0.7443818445366478,0.48086691796199027,0.989931249325663,0.6666666666666665,0.927424231903858,0.260628595244347,0.5168841752031389,0.7304136809229149,0.47880320761614725,0.9897310109064706
76.875,0.0,0.0,0.77617093426366,0.7323926682888745,0.6666666666666666,0.9274242319038182,0.27885239630397063,0.5410755359550251,0.7443715929779686,0.48151186038013855,0.9899310418120406,0.6666666666666665,0.9274242319036013,0.2605819534951508,0.5168117534556541,0.7303659990456721,0.47943030790323155,0.9897302080340336
77.0,0.0,0.0,0.776264861063709,0.7323926902658623,0.6666666666666666,0.9274242319038183,0.2788450085828655,0.5410609672774512,0.7443615096951877,0.4821565273707952,0.9899308371113101,0.6666666666666665,0.9274242319038678,0.26053551647161705,0.5167396445057971,0.7303185101366791,0.48005708964502,0.9897294083793524
77.125,0.0,0.0,0.7763587410156839,0.7323927118455902,0.6666666666666666,0.9274242319038181,0.2788378098908624,0.5410466773600668,0.7443515937269667,0.4828009195260844,0.989930635207308,0.6666666666666665,0.9274242319039264,0.2604892829196873,0.5166678464881226,0.7302712131376509,0.48068355347606173,0.989728611925205
77.25,0.0,0.0,0.7764525745321269,0.7323927330328567,0.6666666666666666,0.927424231903818,0.2788307991432019,0.5410326645817835,0.7443418441186473,0.483445037435446,0.9899304360839806,0.6666666666666665,0.9274242319035773,0.2604432515951651,0.5165963575512913,0.7302241069975001,0.48130970002810125,0.9897278186544808
77.375,0.0,0.0,0.7765463620220361,0.7323927538324,0.6666666666666667,0.9274242319038181,0.2788239752632449,0.5410189273337401,0.7443322599221979,0.48408888168564906,0.9899302397253834,0.6666666666666665,0.927424231903816,0.2603974212636147,0.5165251758579436,0.7301771906722806,0.48193552993009425,0.9897270285501795
77.5,0.0,0.0,0.7766401038909501,0.732392774248898,0.6666666666666666,0.9274242319038178,0.27881733718280455,0.5410054640190834,0.7443228401961464,0.4847324528608055,0.9899300461156793,0.6666666666666665,0.9274242319040908,0.26035179070027503,0.5164542995845727,0.7301304631251307,0.4825610438082212,0.9897262415954102
77.625,0.0,0.0,0.7767338005409725,0.7323927942869716,0.6666666666666666,0.9274242319038182,0.2788108838419813,0.5409922730528715,0.7443135840055338,0.4853757515423843,0.9899298552391387,0.6666666666666665,0.9274242319035444,0.26030635868996793,0.5163837269213978,0.7300839233262173,0.48318624228590235,0.9897254577733917
77.75,0.0,0.0,0.7768274523707527,0.7323928139511825,0.6666666666666666,0.9274242319038181,0.27880461418874763,0.5409793528620589,0.7443044904218626,0.4860187783092241,0.9899296670801383,0.6666666666666665,0.9274242319037589,0.2602611240269958,0.5163134560722424,0.7300375702526799,0.48381112598381293,0.9897246770674503
77.875,0.0,0.0,0.7769210597755767,0.7323928332460365,0.6666666666666666,0.9274242319038185,0.27879852717930653,0.5409667018852726,0.7442955585230311,0.486661533737547,0.98992948162316,0.6666666666666665,0.9274242319039826,0.2602160855150652,0.5162434852544097,0.7299914028885766,0.4844356955198966,0.9897238994610198
78.0,0.0,0.0,0.7770146231473821,0.7323928521759833,0.6666666666666666,0.9274242319038178,0.27879262177791037,0.5409543185727256,0.744286787393288,0.4873040184009719,0.9899292988527905,0.6666666666666665,0.9274242319036566,0.2601712419671918,0.5161738126985616,0.7299454202248286,0.48505995150938014,0.9897231249376409
78.125,0.0,0.0,0.7771081428747457,0.7323928707454163,0.6666666666666666,0.9274242319038178,0.278786896956432,0.5409422013862083,0.744278176123183,0.4879462328705273,0.9899291187537204,0.6666666666666665,0.9274242319037872,0.260126592205608,0.5161044366485992,0.7298996212591665,0.4856838945647877,0.9897223534809604
78.25,0.0,0.0,0.7772016193429753,0.7323928889586752,0.6666666666666666,0.9274242319038185,0.278781351694788,0.5409303487988528,0.7442697238095022,0.48858817771466495,0.9899289413107432,0.6666666666666665,0.9274242319039927,0.2600821350616827,0.516035355361543,0.7298540049960771,0.48630752529595506,0.9897215850747295
78.375,0.0,0.0,0.7772950529341112,0.7323929068200455,0.6666666666666666,0.9274242319038182,0.2787759849806906,0.540918759295067,0.7442614295552251,0.48922985349927195,0.9899287665087545,0.6666666666666665,0.9274242319037337,0.26003786937583373,0.5159665671074152,0.7298085704467496,0.486930844310043,0.9897208197028047
78.5,0.0,0.0,0.7773884440269218,0.7323929243337597,0.6666666666666666,0.927424231903818,0.278770795809233,0.5409074313705288,0.7442532924694756,0.48987126078768417,0.9899285943327518,0.6666666666666665,0.9274242319037924,0.2599937939974365,0.5158980701691239,0.7297633166290234,0.48755385221155195,0.9897200573491457
78.625,0.0,0.0,0.7774817929969956,0.7323929415039979,0.6666666666666666,0.9274242319038182,0.2787657831833907,0.5408963635319302,0.7442453116674582,0.49051240014069886,0.9899284247678326,0.6666666666666665,0.927424231904091,0.259949907784746,0.5158298628423477,0.7297182425673354,0.48817654960233503,0.9897192979978153
78.75,0.0,0.0,0.7775751002167416,0.7323929583348886,0.6666666666666666,0.9274242319038181,0.2787609461136592,0.5408855542969474,0.7442374862704201,0.49115327211658716,0.9899282577991947,0.6666666666666665,0.9274242319037362,0.2599062096048157,0.5157619434354199,0.7296733472926693,0.4887989370816122,0.9897185416329786
78.875,0.0,0.0,0.7776683660553748,0.7323929748305091,0.6666666666666667,0.9274242319038181,0.27875628361770444,0.5408750021942235,0.7442298154055991,0.4917938772711067,0.9899280934121347,0.6666666666666665,0.9274242319037361,0.2598626983334032,0.5156943102692189,0.7296286298425028,0.48942101524598375,0.9897177882389021
79.0,0.0,0.0,0.7777615908790257,0.7323929909948871,0.6666666666666666,0.9274242319038182,0.27875179472092526,0.5408647057630964,0.7442222982061633,0.4924342161575138,0.9899279315920476,0.6666666666666665,0.9274242319041269,0.25981937285490087,0.515626961677053,0.7295840892607581,0.4900427846894435,0.9897170377999531
79.125,0.0,0.0,0.7778547750507157,0.7323930068319997,0.6666666666666666,0.9274242319038181,0.27874747845593856,0.540854663553616,0.7442149338111761,0.4930742893265765,0.9899277723244261,0.6666666666666665,0.9274242319037584,0.2597762320622525,0.515559896004552,0.7295397245977507,0.49066424600339253,0.9897162903005992
79.25,0.0,0.0,0.77794791893036,0.7323930223457761,0.6666666666666666,0.9274242319038181,0.2787433338623696,0.5408448741264932,0.7442077213655423,0.4937140973265857,0.9899276155948591,0.6666666666666665,0.9274242319036681,0.2597332748568658,0.5154931116095571,0.7294955349101395,0.4912853997766523,0.9897155457254071
79.375,0.0,0.0,0.7780410228748769,0.7323930375400968,0.6666666666666666,0.9274242319038182,0.27873935998741634,0.5408353360528301,0.7442006600199509,0.49435364070336824,0.9899274613890318,0.6666666666666665,0.9274242319040021,0.2596905001485431,0.5154266068620124,0.7294515192608777,0.4919062465954772,0.9897148040590423
79.5,0.0,0.0,0.7781340872381426,0.7323930524187942,0.6666666666666666,0.927424231903818,0.2787355558851754,0.5408260479141831,0.7441937489308438,0.49499292000029854,0.9899273096927246,0.6666666666666665,0.927424231903777,0.2596479068554006,0.5153603801438575,0.729407676719163,0.49252678704356895,0.9897140652862683
79.625,0.0,0.0,0.77822711237102,0.7323930669856549,0.6666666666666666,0.9274242319038182,0.2787319206166525,0.5408170083024588,0.7441869872603579,0.49563193575831027,0.9899271604918128,0.6666666666666665,0.9274242319037008,0.25960549390378584,0.5152944298489226,0.7293640063603892,0.49314702170208846,0.9897133293919457
79.75,0.0,0.0,0.7783200986214536,0.7323930812444184,0.6666666666666666,0.9274242319038181,0.2787284532502207,0.5408082158196734,0.744180374176274,0.49627068851590866,0.989927013772265,0.6666666666666665,0.9274242319040209,0.25956326022820875,0.5152287543828213,0.7293205072660983,0.49376695114966884,0.9897125963610319
79.875,0.0,0.0,0.7784130463344078,0.7323930951987785,0.6666666666666666,0.9274242319038181,0.2787251528608475,0.5407996690780484,0.7441739088519859,0.49690917880918206,0.9899268695201429,0.6666666666666665,0.9274242319038171,0.2595212047712636,0.5151633521628487,0.7292771785239324,0.49438657596242863,0.9897118661785802
80.0,0.0,0.0,0.7785059558519324,0.7323931088523844,0.6666666666666666,0.9274242319038181,0.278722018530369,0.5407913666998377,0.7441675904664394,0.49754740717181334,0.9899267277216004,0.6666666666666665,0.9274242319037238,0.2594793264835502,0.5150982216178775,0.7292340192275856,0.49500589671398393,0.9897111388297388
80.125,0.0,0.0,0.7785988275132244,0.7323931222088403,0.6666666666666666,0.9274242319038181,0.2787190493476987,0.540783307317157,0.7441614182040909,0.4981853741350922,0.9899265883628834,0.6666666666666665,0.9274242319039593,0.25943762432360595,0.5150333611882563,0.7291910284767579,0.4956249139754615,0.9897104142997508
80.25,0.0,0.0,0.7786916616545689,0.7323931352717067,0.6666666666666666,0.927424231903818,0.2787162444081158,0.5407754895720681,0.7441553912548702,0.4988230802279254,0.9899264514303281,0.6666666666666665,0.9274242319038372,0.25939609725783075,0.5149687693257085,0.7291482053771086,0.4962436283155107,0.989709692573953
80.375,0.0,0.0,0.7787844586094336,0.7323931480445011,0.6666666666666666,0.9274242319038182,0.2787136028137399,0.5407679121163558,0.7441495088141229,0.4994605259768493,0.9899263169103611,0.6666666666666665,0.9274242319036455,0.25935474426041194,0.5149044444932336,0.7291055490402087,0.4968620403003165,0.9897089736377753
80.5,0.0,0.0,0.7788772187084873,0.7323931605306978,0.6666666666666666,0.9274242319038181,0.2787111236734184,0.5407605736114424,0.7441437700825742,0.5000977119060407,0.989926184789499,0.6666666666666665,0.9274242319039908,0.25931356431325686,0.5148403851650064,0.7290630585834972,0.49748015049361105,0.9897082574767403
80.625,0.0,0.0,0.7789699422795616,0.7323931727337292,0.6666666666666666,0.9274242319038181,0.2787088061022035,0.5407534727284329,0.7441381742662873,0.5007346385373276,0.9899260550543463,0.6666666666666665,0.927424231903935,0.25927255640591995,0.514776589826282,0.7290207331302337,0.4980979594566866,0.9897075440764623
80.75,0.0,0.0,0.7790626296477648,0.7323931846569859,0.6666666666666666,0.9274242319038182,0.2787066492219503,0.5407466081478542,0.7441327205766086,0.501371306390201,0.9899259276915958,0.6666666666666665,0.9274242319034749,0.2592317195355343,0.5147130569732963,0.7289785718094546,0.4987154677484072,0.989706833422647
80.875,0.0,0.0,0.7791552811354513,0.7323931963038178,0.6666666666666666,0.927424231903818,0.2787046521608727,0.5407399785596647,0.7441274082301372,0.5020077159818257,0.9899258026880281,0.6666666666666665,0.9274242319038771,0.2591910527067375,0.5146497851131717,0.7289365737559281,0.4993326759252206,0.9897061255010904
81.0,0.0,0.0,0.7792478970622196,0.7323932076775342,0.6666666666666666,0.9274242319038181,0.2787028140532817,0.5407335826632351,0.7441222364486778,0.5026438678270508,0.98992568003051,0.6666666666666665,0.9274242319039638,0.2591505549316108,0.5145867727638226,0.7288947381101095,0.4999495845411708,0.9897054202976787
81.125,0.0,0.0,0.7793404777450293,0.7323932187814043,0.6666666666666666,0.9274242319038182,0.2787011340402232,0.5407274191670752,0.7441172044591902,0.5032797624384213,0.9899255597059943,0.6666666666666665,0.9274242319035925,0.25911022522960747,0.51452401845386,0.7288530640180981,0.5005661941479088,0.9897047177983872
81.25,0.0,0.0,0.7794330234981268,0.7323932296186577,0.6666666666666666,0.9274242319038181,0.2786996112686907,0.540721486788942,0.7441123114937637,0.5039154003261881,0.9899254417015196,0.6666666666666665,0.9274242319038487,0.25907006262748244,0.5144615207225001,0.7288115506315934,0.501182505294706,0.9897040179892798
81.375,0.0,0.0,0.7795255346331015,0.7323932401924858,0.6666666666666666,0.9274242319038182,0.2786982448918433,0.5407157842556959,0.7441075567895618,0.5045507819983187,0.989925326004209,0.6666666666666665,0.927424231903932,0.2590300661592324,0.5143992781194716,0.7287701971078514,0.5017985185284641,0.9897033208565086
81.5,0.0,0.0,0.7796180114589575,0.7323932505060401,0.6666666666666666,0.9274242319038181,0.278697034069288,0.5407103103031206,0.744102939588784,0.5051859079605087,0.9899252126012694,0.6666666666666665,0.9274242319035402,0.2589902348660281,0.5143372892049244,0.7287290026096427,0.5024142343937278,0.9897026263863127
81.625,0.0,0.0,0.7797104542820416,0.7323932605624361,0.6666666666666666,0.927424231903818,0.278695977966324,0.5407050636760324,0.744098459138634,0.5058207787161912,0.9899251014799912,0.6666666666666665,0.9274242319038176,0.25895056779614467,0.5142755525493402,0.7286879663052098,0.503029653432696,0.9897019345650183
81.75,0.0,0.0,0.7798028634061451,0.7323932703647508,0.6666666666666666,0.9274242319038182,0.2786950757544974,0.5407000431280456,0.7440941146912645,0.5064553947665479,0.9899249926277475,0.6666666666666665,0.9274242319039359,0.25891106400490477,0.5142140667334427,0.7286470873682249,0.5036447761852333,0.9897012453790377
81.875,0.0,0.0,0.7798952391325079,0.7323932799160241,0.6666666666666666,0.927424231903818,0.2786943266114016,0.540695247421522,0.7440899055037485,0.507089756610519,0.9899248860319938,0.6666666666666665,0.9274242319036416,0.2588717225546117,0.5141528303481092,0.7286063649777483,0.5042596031888807,0.9897005588148684
82.0,0.0,0.0,0.7799875817597836,0.7323932892192596,0.6666666666666666,0.927424231903818,0.2786937297201936,0.540690675327617,0.7440858308380394,0.5077238647448137,0.9899247816802664,0.6666666666666665,0.9274242319038106,0.2588325425144839,0.5140918419942837,0.7285657983181872,0.5048741349788681,0.989699874859093
82.125,0.0,0.0,0.780079891584161,0.7323932982774259,0.6666666666666666,0.9274242319038182,0.2786932842703189,0.5406863256259957,0.7440818899609205,0.5083577196639203,0.9899246795601833,0.6666666666666665,0.9274242319039118,0.2587935229605972,0.5140311002828899,0.7285253865792549,0.5054883720881242,0.9896991934983788
82.25,0.0,0.0,0.7801721688993025,0.7323933070934548,0.6666666666666666,0.927424231903818,0.2786929894567888,0.5406821971049274,0.7440780821439823,0.508991321860116,0.9899245796594417,0.6666666666666665,0.9274242319035769,0.2587546629758232,0.513970603834745,0.7284851289559299,0.5061023150472881,0.989698514719476
82.375,0.0,0.0,0.7802644139963767,0.7323933156702437,0.6666666666666666,0.9274242319038182,0.2786928444802785,0.5406782885611828,0.7440744066635723,0.5096246718234775,0.9899244819658191,0.6666666666666665,0.9274242319037632,0.25871596164976257,0.5139103512804764,0.7284450246484157,0.5067159643847203,0.9896978385092184
82.5,0.0,0.0,0.7803566271641486,0.7323933240106552,0.6666666666666666,0.9274242319038181,0.27869284854752685,0.5406745987998319,0.7440708628007573,0.5102577700418902,0.9899243864671717,0.6666666666666665,0.9274242319041176,0.2586774180786922,0.5138503412604356,0.728405072862101,0.5073293206265139,0.9896971648545221
82.625,0.0,0.0,0.7804488086888896,0.732393332117518,0.6666666666666667,0.927424231903818,0.2786930008705145,0.540671126634375,0.7440674498412965,0.510890617001059,0.9899242931514339,0.6666666666666665,0.9274242319036888,0.258639031365504,0.5137905724246166,0.7283652728075204,0.5079423842965045,0.9896964937423853
82.75,0.0,0.0,0.7805409588544886,0.7323933399936268,0.6666666666666666,0.9274242319038182,0.27869330066706755,0.5406678708865053,0.7440641670755881,0.5115232131845171,0.9899242020066179,0.6666666666666665,0.9274242319037632,0.2586008006196387,0.513731043432573,0.7283256237003145,0.5085551559162822,0.9896958251598873
82.875,0.0,0.0,0.7806330779424513,0.7323933476417432,0.6666666666666666,0.927424231903818,0.27869374716062295,0.5406648303860736,0.7440610137986443,0.5121555590736359,0.9899241130208135,0.6666666666666665,0.9274242319040145,0.25856272495703725,0.5136717529533366,0.7282861247611916,0.509167636005201,0.9896951590941883
83.0,0.0,0.0,0.7807251662318577,0.7323933550645962,0.6666666666666666,0.9274242319038181,0.2786943395797739,0.5406620039711355,0.7440579893100525,0.5127876551476347,0.9899240261821866,0.6666666666666665,0.9274242319036399,0.2585248035000804,0.513612699665336,0.728246775215889,0.5097798250803904,0.9896944955325285
83.125,0.0,0.0,0.7808172239994963,0.732393362264882,0.6666666666666666,0.9274242319038181,0.27869507715902975,0.5406593904876624,0.7440550929139296,0.513419501883591,0.9899239414789787,0.6666666666666665,0.9274242319037185,0.2584870353775254,0.5135538822563177,0.7282075742951347,0.5103917236567652,0.9896938344622281
83.25,0.0,0.0,0.7809092515197763,0.7323933692452651,0.6666666666666666,0.927424231903818,0.2786959591379714,0.5406569887896783,0.7440523239189014,0.5140510997564484,0.9899238588995073,0.6666666666666665,0.9274242319040137,0.2584494197244578,0.5134952994232663,0.7281685212346096,0.5110033322470365,0.9896931758706858
83.375,0.0,0.0,0.7810012490647936,0.7323933760083785,0.6666666666666666,0.9274242319038182,0.278696984761574,0.5406547977391037,0.7440496816380536,0.514682449239027,0.9899237784321644,0.6666666666666665,0.927424231903723,0.25841195568223285,0.5134369498723264,0.7281296152749098,0.5116146513617218,0.9896925197453792
83.5,0.0,0.0,0.7810932169043824,0.7323933825568231,0.6666666666666666,0.9274242319038181,0.27869815328036557,0.5406528162056223,0.744047165388901,0.5153135508020329,0.9899237000654165,0.6666666666666665,0.9274242319037606,0.2583746423984154,0.5133788323187247,0.7280908556615096,0.5122256815091549,0.9896918660738633
83.625,0.0,0.0,0.7811851553060465,0.7323933888931706,0.6666666666666666,0.927424231903818,0.2786994639497466,0.5406510430667851,0.7440447744933574,0.5159444049140665,0.9899236237878032,0.6666666666666665,0.92742423190398,0.25833747902673176,0.5133209454866938,0.7280522416447239,0.5128364231954965,0.9896912148437711
83.75,0.0,0.0,0.7812770645350762,0.7323933950199608,0.6666666666666666,0.9274242319038182,0.2787009160306974,0.5406494772077486,0.7440425082776884,0.5165750120416323,0.9899235495879375,0.6666666666666665,0.9274242319037178,0.258300464727014,0.513263288109395,0.728013772479673,0.5134468769247447,0.9896905660428118
83.875,0.0,0.0,0.7813689448545059,0.7323934009397046,0.6666666666666666,0.927424231903818,0.2787025087892162,0.5406481175213341,0.7440403660724915,0.5172053726491482,0.9899234774545053,0.6666666666666665,0.9274242319037158,0.25826359866514115,0.5132058589288445,0.7279754474262446,0.514057043198744,0.9896899196587713
84.0,0.0,0.0,0.7814607965251233,0.7323934066548826,0.6666666666666666,0.9274242319038182,0.2787042414962617,0.5406469629079783,0.7440383472126522,0.5178354871989536,0.9899234073762635,0.6666666666666665,0.9274242319040678,0.25822688001299277,0.5131486566958374,0.7279372657490589,0.5146669225171964,0.9896892756795108
84.125,0.0,0.0,0.7815526198055643,0.7323934121679465,0.6666666666666666,0.9274242319038181,0.27870611342826707,0.5406460122755121,0.7440364510373096,0.5184653561513193,0.9899233393420411,0.6666666666666665,0.9274242319037983,0.2581903079483949,0.5130916801698748,0.7278992267174327,0.5152765153776705,0.989688634092967
84.25,0.0,0.0,0.7816444149522251,0.732393417481319,0.6666666666666666,0.927424231903818,0.27870812386626004,0.5406452645393169,0.744034676889834,0.5190949799644555,0.989923273340738,0.6666666666666665,0.927424231903746,0.25815388165506287,0.5130349281190905,0.7278613296053436,0.5158858222756115,0.9896879948871512
84.375,0.0,0.0,0.7817361822193682,0.7323934225973948,0.6666666666666666,0.9274242319038185,0.2787102720965571,0.5406447186220752,0.7440330241177769,0.5197243590945216,0.989923209361324,0.6666666666666665,0.9274242319040542,0.25811760032255615,0.5129783993201777,0.7278235736913955,0.5164948437043513,0.9896873580501487
84.5,0.0,0.0,0.7818279218591068,0.7323934275185393,0.6666666666666666,0.9274242319038182,0.27871255741039674,0.5406443734537782,0.7440314920728525,0.5203534939956339,0.989923147392839,0.6666666666666665,0.9274242319038271,0.25808146314622676,0.5129220925583189,0.7277859582587834,0.5171035801551177,0.9896867235701182
84.625,0.0,0.0,0.7819196341213842,0.7323934322470913,0.6666666666666666,0.9274242319038184,0.27871497910364046,0.540644227971746,0.744030080110899,0.5209823851198747,0.9899230874243921,0.6666666666666665,0.9274242319036916,0.2580454693271635,0.5128660066271135,0.7277484825952594,0.5177120321170445,0.9896860914352918
84.75,0.0,0.0,0.782011319254088,0.7323934367853616,0.6666666666666666,0.9274242319038183,0.27871753647747316,0.540644281120361,0.7440287875918418,0.521611032917301,0.9899230294451608,0.6666666666666665,0.9274242319039874,0.25800961807214773,0.5128101403285078,0.7277111459930979,0.5183202000771805,0.989685461633974
84.875,0.0,0.0,0.7821029775029529,0.7323934411356339,0.6666666666666666,0.9274242319038181,0.2787202288374474,0.5406445318512465,0.7440276138796742,0.5222394378359528,0.9899229734443912,0.6666666666666665,0.9274242319038545,0.2579739085936028,0.5127544924727263,0.7276739477490618,0.5189280845204992,0.9896848341545412
85.0,0.0,0.0,0.7821946091116605,0.7323934453001654,0.6666666666666666,0.9274242319038182,0.27872305549414805,0.5406449791230302,0.7440265583424098,0.5228676003218615,0.989922919411397,0.6666666666666665,0.9274242319034162,0.2579383401095429,0.5126990618782014,0.7276368871643695,0.5195356859299084,0.9896842089854415
85.125,0.0,0.0,0.7822862143218393,0.7323934492811867,0.6666666666666666,0.9274242319038181,0.2787260157629315,0.5406456219013276,0.7440256203520638,0.5234955208190585,0.9899228673355586,0.6666666666666665,0.9274242319039837,0.2579029118435254,0.5126438473715055,0.7275999635446607,0.5201430047862591,0.9896835861151939
85.25,0.0,0.0,0.782377793373025,0.7323934530809026,0.6666666666666666,0.9274242319038183,0.27872910896352143,0.5406464591587916,0.7440247992846167,0.5241231997695831,0.989922817206324,0.6666666666666665,0.9274242319039199,0.25786762302460664,0.5125888477872843,0.7275631761999642,0.520750041568355,0.9896829655323878
85.375,0.0,0.0,0.7824693465027862,0.7323934567014916,0.6666666666666666,0.9274242319038184,0.27873233442077816,0.5406474898748342,0.7440240945199788,0.5247506376134913,0.9899227690132064,0.6666666666666665,0.9274242319036015,0.2578324728872896,0.5125340619681887,0.7275265244446643,0.521356796752962,0.9896823472256827
85.5,0.0,0.0,0.7825608739466186,0.7323934601451073,0.6666666666666666,0.9274242319038182,0.2787356914637168,0.5406487130358127,0.7440235054419716,0.5253778347888634,0.9899227227457851,0.6666666666666665,0.9274242319038901,0.2577974606714779,0.512479488764809,0.7274900075974687,0.5219632708148165,0.9896817311838078
85.625,0.0,0.0,0.782652375938053,0.7323934634138781,0.6666666666666666,0.9274242319038185,0.27873917942618515,0.5406501276347953,0.7440230314382833,0.5260047917318124,0.9899226783937044,0.6666666666666665,0.9274242319038571,0.25776258562243304,0.5124251270356089,0.7274536249813768,0.5225694642266354,0.989681117395561
85.75,0.0,0.0,0.7827438527086436,0.7323934665099074,0.6666666666666666,0.9274242319038181,0.27874279764659254,0.5406517326715491,0.7440226719004494,0.5266315088764922,0.9899226359466733,0.6666666666666665,0.9274242319036426,0.2577278469907242,0.5123709756468611,0.7274173759236464,0.5231753774591241,0.9896805058498087
85.875,0.0,0.0,0.7828353044879358,0.7323934694352745,0.6666666666666666,0.9274242319038182,0.27874654546752864,0.5406535271525884,0.744022426223819,0.5272579866551049,0.9899225953944649,0.6666666666666665,0.9274242319038593,0.25769324403218463,0.5123170334725817,0.7273812597557638,0.5237810109809863,0.9896798965354857
86.0,0.0,0.0,0.7829267315035879,0.7323934721920339,0.6666666666666666,0.9274242319038183,0.2787504222365141,0.5406555100909031,0.7440222938075208,0.5278842254979097,0.9899225567269164,0.6666666666666665,0.9274242319038764,0.25765877600786663,0.5122632993944679,0.7273452758134107,0.5243863652589322,0.989679289441594
86.125,0.0,0.0,0.783018133981264,0.7323934747822168,0.6666666666666666,0.9274242319038182,0.2787544273050124,0.5406576805061516,0.7440222740544458,0.5285102258332296,0.9899225199339274,0.6666666666666665,0.9274242319036604,0.2576244421839972,0.5122097723018334,0.7273094234364342,0.5249914407576877,0.9896786845572028
86.25,0.0,0.0,0.7831095121447448,0.7323934772078308,0.6666666666666666,0.9274242319038183,0.2787585600291824,0.5406600374244087,0.7440223663712021,0.5291359880874601,0.9899224850054609,0.6666666666666665,0.9274242319038213,0.25759024183193197,0.5121564510915465,0.7272737019688155,0.5255962379400028,0.989678081871448
86.375,0.0,0.0,0.7832008662159058,0.7323934794708594,0.6666666666666666,0.9274242319038181,0.27876281976946904,0.5406625798781937,0.7440225701681012,0.5297615126850764,0.9899224519315416,0.6666666666666665,0.927424231904123,0.25755617422811294,0.5121033346679688,0.727238110758639,0.5262007572666604,0.9896774813735314
86.5,0.0,0.0,0.7832921964147009,0.7323934815732647,0.6666666666666665,0.9274242319038182,0.2787672058903924,0.5406653069064774,0.7440228848591205,0.5303868000486415,0.9899224207022566,0.6666666666666665,0.9274242319035884,0.2575222386540298,0.5120504219428916,0.7272026491580625,0.5268049991964849,0.9896768830527207
86.625,0.0,0.0,0.7833835029592648,0.7323934835169843,0.6666666666666666,0.9274242319038183,0.27877171776115023,0.5406682175544517,0.7440233098618751,0.5310118505988132,0.9899223913077538,0.6666666666666665,0.9274242319036835,0.25748843439616453,0.511997711835478,0.7271673165232868,0.5274089641863511,0.9896762868983489
86.75,0.0,0.0,0.7834747860658134,0.7323934853039346,0.6666666666666666,0.9274242319038183,0.2787763547547091,0.5406713108737066,0.744023844597598,0.5316366647543518,0.9899223637382422,0.6666666666666665,0.9274242319041781,0.25745476074596224,0.5119452032722005,0.7271321122145259,0.5280126526911915,0.9896756928998132
86.875,0.0,0.0,0.7835660459487678,0.7323934869360093,0.6666666666666666,0.9274242319038184,0.27878111624862756,0.5406745859219602,0.7440244884910985,0.5322612429321277,0.9899223379839908,0.6666666666666665,0.9274242319037177,0.2574212169997853,0.5118928951867818,0.7270970355959772,0.5286160651640059,0.9896751010465757
87.0,0.0,0.0,0.7836572828206954,0.7323934884150805,0.6666666666666666,0.9274242319038181,0.2787860016244095,0.5406780417631539,0.7440252409707498,0.5328855855471293,0.9899223140353289,0.6666666666666665,0.927424231903716,0.257387802458865,0.5118407865201369,0.7270620860357924,0.5292192020558693,0.9896745113281621
87.125,0.0,0.0,0.7837484968923404,0.7323934897429984,0.6666666666666666,0.9274242319038182,0.27879101026762176,0.540681677467377,0.7440261014684506,0.5335096930124692,0.9899222918826457,0.6666666666666665,0.9274242319040854,0.25735451642926943,0.5117888762203124,0.727027262906048,0.5298220638159398,0.9896739237341614
87.25,0.0,0.0,0.7838396883726806,0.7323934909215922,0.6666666666666666,0.9274242319038181,0.27879614156822446,0.5406854921107064,0.7440270694196018,0.5341335657393921,0.9899222715163883,0.6666666666666665,0.9274242319037558,0.2573213582218607,0.5117371632424306,0.7269925655827172,0.5304246508914673,0.9896733382542258
87.375,0.0,0.0,0.7839308574688548,0.7323934919526698,0.6666666666666666,0.9274242319038183,0.2788013949197709,0.5406894847753645,0.7440281442630838,0.5347572041372824,0.9899222529270637,0.6666666666666665,0.927424231903758,0.25728832715224875,0.511685646548631,0.7269579934456404,0.5310269637278019,0.9896727548780696
87.5,0.0,0.0,0.7840220043862881,0.7323934928380182,0.6666666666666666,0.9274242319038182,0.278806769720339,0.5406936545494182,0.7440293254412188,0.5353806086136703,0.9899222361052361,0.6666666666666665,0.9274242319039762,0.25725542254075845,0.5116343251080137,0.7269235458784974,0.531629002768401,0.9896721735954696
87.625,0.0,0.0,0.7841131293285988,0.7323934935794042,0.6666666666666666,0.927424231903818,0.27881226537157705,0.5406980005269603,0.7440306123997601,0.5360037795742402,0.9899222210415279,0.6666666666666665,0.9274242319037429,0.2572226437123886,0.5115831978965826,0.7268892222687791,0.532230768454838,0.9896715943962638
87.75,0.0,0.0,0.7842042324976805,0.7323934941785739,0.6666666666666666,0.9274242319038185,0.27881788127927887,0.5407025218079174,0.7440320045878503,0.5366267174228364,0.9899222077266188,0.6666666666666665,0.9274242319037133,0.25718998999676795,0.5115322638971906,0.726855022007759,0.5328322612268104,0.989671017270352
87.875,0.0,0.0,0.7842953140937083,0.7323934946372533,0.6666666666666666,0.9274242319038181,0.2788236168532373,0.5407072174980139,0.7440335014580072,0.5372494225614715,0.9899221961512448,0.6666666666666665,0.9274242319041085,0.25715746072812273,0.5114815220994834,0.7268209444904667,0.5334334815221472,0.9896704422076941
88.0,0.0,0.0,0.7843863743150965,0.7323934949571491,0.6666666666666666,0.9274242319038182,0.2788294715068041,0.5407120867088451,0.7440351024660927,0.5378718953903318,0.9899221863061993,0.6666666666666665,0.9274242319037924,0.2571250552452367,0.511430971499845,0.7267869891156596,0.534034429776817,0.9896698691983107
88.125,0.0,0.0,0.7844774133586148,0.7323934951399479,0.6666666666666666,0.9274242319038181,0.27883544465764876,0.5407171285576154,0.7440368070712852,0.538494136307785,0.9899221781823307,0.6666666666666665,0.9274242319036693,0.25709277289140847,0.5113806111013435,0.7267531552857955,0.5346351064249362,0.9896692982322823
88.25,0.0,0.0,0.7845684314192793,0.7323934951873172,0.6666666666666666,0.9274242319038182,0.2788415357267691,0.5407223421673405,0.7440386147360637,0.5391161457103875,0.989922171770544,0.6666666666666665,0.9274242319039768,0.2570606130144195,0.5113304399136775,0.7267194424070064,0.5352355118987754,0.9896687292997489
88.375,0.0,0.0,0.7846594286904794,0.7323934951009055,0.6666666666666666,0.9274242319038178,0.27884774413937885,0.5407277266665694,0.7440405249261686,0.5397379239928901,0.9899221670617985,0.6666666666666665,0.9274242319037932,0.25702857496649634,0.5112804569531227,0.7266858498890709,0.5358356466287688,0.9896681623909095
88.5,0.0,0.0,0.7847504053639108,0.7323934948823421,0.6666666666666666,0.9274242319038181,0.27885406932418305,0.5407332811895051,0.7440425371105926,0.5403594715482453,0.9899221640471091,0.6666666666666665,0.9274242319036807,0.2569966581042691,0.5112306612424793,0.7266523771453884,0.5364355110435208,0.9896675974960218
88.625,0.0,0.0,0.7848413616296124,0.732393494533238,0.6666666666666666,0.9274242319038175,0.27886051071362783,0.5407390048759027,0.7440446507615437,0.5409807887676137,0.9899221627175444,0.6666666666666665,0.927424231904025,0.25696486178874006,0.5111810518110191,0.7266190235929523,0.5370351055698135,0.9896670346054021
88.75,0.0,0.0,0.7849322976760199,0.7323934940551854,0.6666666666666667,0.9274242319038181,0.27886706774409,0.5407448968709502,0.7440468653544272,0.5416018760403706,0.9899221630642276,0.6666666666666665,0.9274242319038268,0.2569331853852466,0.5111316276944349,0.7265857886523236,0.5376344306326144,0.9896664737094238
88.875,0.0,0.0,0.7850232136898816,0.732393493449759,0.6666666666666666,0.9274242319038181,0.2788737398551796,0.5407509563254099,0.7440491803678216,0.5422227337541126,0.9899221650783349,0.6666666666666665,0.9274242319036337,0.25690162826342156,0.5110823879347883,0.726552671747606,0.5382334866550841,0.9896659147985185
89.0,0.0,0.0,0.7851141098564024,0.7323934927185146,0.6666666666666666,0.9274242319038182,0.27888052649066325,0.5407571823953212,0.7440515952834483,0.5428433622946642,0.9899221687510961,0.6666666666666665,0.9274242319039762,0.25687018979716175,0.5110333315804593,0.7265196723064191,0.5388322740585834,0.9896653578631744
89.125,0.0,0.0,0.7852049863591161,0.732393491862991,0.6666666666666666,0.9274242319038182,0.278887427097397,0.5407635742422218,0.7440541095861603,0.5434637620460837,0.9899221740737935,0.6666666666666665,0.9274242319038405,0.25683886936459316,0.5109844576860958,0.7264867897598739,0.5394307932626803,0.9896648028939368
89.25,0.0,0.0,0.7852958433800188,0.732393490884709,0.6666666666666666,0.9274242319038182,0.2788944411262175,0.540770131032877,0.7440567227639028,0.5440839333906702,0.9899221810377621,0.6666666666666665,0.9274242319036633,0.2568076663480322,0.5109357653125641,0.7264540235425465,0.5400290446851581,0.9896642498814067
89.375,0.0,0.0,0.7853866810995049,0.7323934897851724,0.6666666666666666,0.927424231903818,0.27890156803128285,0.5407768519393833,0.7440594343077057,0.5447038767089695,0.9899221896343887,0.6666666666666665,0.9274242319039604,0.25677658013395477,0.5108872535268989,0.7264213730924542,0.540627028742022,0.9896636988162414
89.5,0.0,0.0,0.7854774996963947,0.732393488565868,0.6666666666666666,0.9274242319038185,0.2789088072702425,0.5407837361390928,0.7440622437116481,0.5453235923797803,0.9899221998551119,0.6666666666666665,0.9274242319038645,0.256745610112962,0.5108389214022551,0.7263888378510298,0.5412247458475061,0.9896631496891537
89.625,0.0,0.0,0.7855682993479901,0.732393487228265,0.6666666666666666,0.9274242319038181,0.27891615830448746,0.5407907828144815,0.7440651504728422,0.5459430807801611,0.9899222116914216,0.6666666666666665,0.9274242319036197,0.2567147556797442,0.5107907680178586,0.7263564172630972,0.5418221964140812,0.9896626024909112
89.75,0.0,0.0,0.7856590802299944,0.732393485773817,0.6666666666666665,0.9274242319038182,0.2789236205984307,0.5407979911532987,0.74406815409141,0.5465623422854348,0.9899222251348582,0.6666666666666665,0.9274242319039137,0.25668401623304893,0.5107427924589587,0.726324110776847,0.5424193808524614,0.9896620572123365
89.875,0.0,0.0,0.7857498425166466,0.7323934842039597,0.6666666666666666,0.9274242319038182,0.27893119362043295,0.5408053603482735,0.7440712540704557,0.5471813772691967,0.9899222401770129,0.6666666666666665,0.9274242319039009,0.25665339117564856,0.5106949938167809,0.7262919178438123,0.5430162995716111,0.9896615138443062
90.0,0.0,0.0,0.7858405863806033,0.7323934825201137,0.6666666666666666,0.9274242319038182,0.2789388768417324,0.5408128895973399,0.7440744499160539,0.5478001861033188,0.9899222568095271,0.6666666666666665,0.9274242319034829,0.2566228799143069,0.5106473711884782,0.7262598379188447,0.5436129529787519,0.9896609723777515
90.125,0.0,0.0,0.7859313119930659,0.7323934807236829,0.6666666666666666,0.9274242319038181,0.27894666973739046,0.5408205781033553,0.7440777411372127,0.5484187691579572,0.9899222750240917,0.6666666666666665,0.9274242319038695,0.2565924818597438,0.5105999236770865,0.7262278704600904,0.5442093414793697,0.9896604328036566
90.25,0.0,0.0,0.7860220195237064,0.7323934788160557,0.6666666666666666,0.927424231903818,0.2789545717855035,0.5408284250742403,0.7440811272458683,0.549037126801557,0.9899222948124473,0.6666666666666665,0.9274242319039959,0.2565621964266087,0.5105526503914768,0.7261960149289666,0.5448054654772213,0.989659895113059
90.375,0.0,0.0,0.7861127091407186,0.7323934767986038,0.6666666666666666,0.927424231903818,0.2789625824675777,0.5408364297228546,0.7440846077568483,0.5496552594008587,0.9899223161663835,0.6666666666666665,0.9274242319035674,0.25653202303344547,0.5105055504463097,0.7261642707901376,0.5454013253743415,0.9896593592970493
90.5,0.0,0.0,0.7862033810108451,0.7323934746726849,0.6666666666666666,0.9274242319038181,0.27897070126854745,0.5408445912669256,0.744088182187861,0.5502731673209039,0.9899223390777383,0.6666666666666665,0.9274242319038302,0.2565019611026578,0.5104586229619906,0.7261326375114924,0.5459969215710497,0.9896588253467705
90.625,0.0,0.0,0.786294035299319,0.7323934724396401,0.6666666666666666,0.9274242319038182,0.2789789276762754,0.5408529089291488,0.7440918500594684,0.5508908509250411,0.9899223635383986,0.6666666666666665,0.9274242319038976,0.25647201006048453,0.5104118670646238,0.726101114564121,0.5465922544659564,0.9896582932534178
90.75,0.0,0.0,0.7863846721699801,0.7323934701007957,0.6666666666666666,0.9274242319038181,0.27898726118230316,0.5408613819369363,0.7440956108950656,0.5515083105749312,0.9899223895402985,0.6666666666666665,0.927424231903633,0.2564421693369646,0.5103652818859682,0.7260697014222917,0.5471873244559697,0.9896577630082379
90.875,0.0,0.0,0.7864752917851651,0.7323934676574633,0.6666666666666666,0.9274242319038181,0.27899570128088746,0.5408700095226248,0.7440994642208639,0.5521255466305535,0.9899224170754206,0.6666666666666665,0.9274242319038193,0.2564124383659057,0.5103188665633931,0.7260383975634284,0.5477821319363028,0.9896572346025292
91.0,0.0,0.0,0.7865658943058454,0.732393465110939,0.6666666666666666,0.9274242319038181,0.27900424746998337,0.5408787909231809,0.7441034095658612,0.5527425594502112,0.9899224461357939,0.6666666666666665,0.9274242319039172,0.25638281658485657,0.5102726202398348,0.726007202468088,0.5483766773004793,0.9896567080276409
91.125,0.0,0.0,0.786656479891513,0.7323934624625053,0.6666666666666666,0.9274242319038181,0.27901289925022793,0.5408877253804074,0.7441074464618342,0.553359349390537,0.9899224767134952,0.6666666666666665,0.9274242319035847,0.25635330343507656,0.5102265420637524,0.7259761156199385,0.5489709609403407,0.9896561832749733
91.25,0.0,0.0,0.7867470487002918,0.732393459713429,0.6666666666666666,0.9274242319038182,0.2790216561257317,0.5408968121407121,0.7441115744433036,0.5539759168064985,0.9899225088006471,0.6666666666666665,0.9274242319037721,0.2563238983615018,0.5101806311890856,0.7259451365057361,0.5495649832460521,0.9896556603359767
91.375,0.0,0.0,0.7868376008888915,0.7323934568649638,0.6666666666666666,0.9274242319038181,0.27903051760355957,0.5409060504551781,0.744115793047527,0.5545922620514036,0.9899225423894191,0.6666666666666665,0.9274242319041655,0.25629460081272115,0.5101348867752116,0.7259142646153041,0.5501587446061088,0.9896551392021516
91.5,0.0,0.0,0.7869281366126225,0.7323934539183485,0.6666666666666666,0.9274242319038182,0.27903948319379607,0.5409154395795246,0.744120101814468,0.5552083854769061,0.9899225774720266,0.6666666666666665,0.9274242319036817,0.2562654102409464,0.5100893079869028,0.7258834994415103,0.5507522454073429,0.9896546198650481
91.625,0.0,0.0,0.7870186560254537,0.7323934508748084,0.6666666666666666,0.927424231903818,0.2790485524098405,0.5409249787739684,0.7441245002867839,0.5558242874330113,0.98992261404073,0.6666666666666665,0.9274242319037614,0.2562363261019762,0.5100438939942855,0.7258528404802461,0.5513454860349294,0.9896541023162657
91.75,0.0,0.0,0.7871091592799301,0.7323934477355546,0.6666666666666666,0.9274242319038182,0.2790577247677173,0.5409346673033752,0.7441289880098025,0.5564399682680808,0.9899226520878357,0.6666666666666665,0.9274242319039662,0.2562073478551764,0.5099986439727983,0.7258222872304048,0.5519384668723923,0.9896535865474528
91.875,0.0,0.0,0.7871996465273023,0.732393444501785,0.6666666666666666,0.9274242319038181,0.27906699978692784,0.5409445044369887,0.7441335645315014,0.5570554283288381,0.9899226916056946,0.6666666666666665,0.9274242319036682,0.2561784749634486,0.5099535571031499,0.7257918391938598,0.5525311883016112,0.9896530725503067
92.0,0.0,0.0,0.7872901179174084,0.7323934411746837,0.6666666666666666,0.9274242319038181,0.2790763769894646,0.5409544894486439,0.7441382294024934,0.557670667960374,0.9899227325867024,0.6666666666666665,0.9274242319037336,0.25614970689319777,0.5099086325712805,0.7257614958754446,0.5531236507028265,0.9896525603165726
92.125,0.0,0.0,0.7873805735988134,0.7323934377554217,0.6666666666666666,0.9274242319038182,0.27908585590078894,0.540964621616481,0.7441429821759992,0.5582856875061512,0.989922775023299,0.6666666666666665,0.9274242319040397,0.2561210431143106,0.5098638695683194,0.7257312567829312,0.5537158544546468,0.9896520498380441
92.25,0.0,0.0,0.7874710137186943,0.7323934342451569,0.6666666666666666,0.9274242319038181,0.2790954360488097,0.540974900223154,0.7441478224078395,0.55890048730801,0.9899228189079682,0.6666666666666665,0.9274242319037752,0.2560924831001258,0.5098192672905462,0.7257011214270094,0.5543077999340538,0.9896515411065625
92.375,0.0,0.0,0.7875614384229539,0.7323934306450339,0.6666666666666666,0.9274242319038182,0.27910511696472823,0.5409853245555913,0.7441527496564023,0.5595150677061731,0.9899228642332376,0.6666666666666665,0.927424231903761,0.25606402632740294,0.5097748249393508,0.725671089321266,0.554899487516409,0.989651034114016
92.5,0.0,0.0,0.7876518478561624,0.7323934269561846,0.6666666666666666,0.927424231903818,0.2791148981824117,0.5409958939050954,0.7441577634826386,0.5601294290392509,0.9899229109916783,0.6666666666666665,0.9274242319040239,0.25603567227630036,0.5097305417211943,0.7256411599821654,0.5554909175754597,0.9896505288523402
92.625,0.0,0.0,0.7877422421615897,0.7323934231797287,0.6666666666666666,0.9274242319038182,0.2791247792386276,0.5410066075672646,0.7441628634500309,0.5607435716442458,0.9899229591759042,0.6666666666666665,0.9274242319037921,0.25600742043034797,0.5096864168475695,0.7256113329290279,0.5560820904833438,0.9896500253135174
92.75,0.0,0.0,0.7878326214812406,0.7323934193167725,0.6666666666666666,0.9274242319038181,0.2791347596731361,0.5410174648419096,0.7441680491245846,0.5613574958565583,0.9899230087785721,0.6666666666666665,0.9274242319035867,0.2559792702764157,0.5096424495349636,0.725581607684011,0.5566730066105972,0.9896495234895761
92.875,0.0,0.0,0.7879229859557931,0.7323934153684106,0.6666666666666666,0.9274242319038182,0.279144839028202,0.5410284650331573,0.7441733200748026,0.5619712020099906,0.9899230597923809,0.6666666666666665,0.9274242319040502,0.25595122130469233,0.5095986390048185,0.7255519837720886,0.5572636663261585,0.989649023372591
93.0,0.0,0.0,0.7880133357247133,0.7323934113357251,0.6666666666666666,0.9274242319038181,0.2791550168493194,0.5410396074492128,0.7441786758716716,0.5625846904367527,0.989923112210072,0.6666666666666665,0.9274242319038625,0.25592327300865886,0.5095549844834938,0.7255224607210313,0.5578540699973755,0.9896485249546827
93.125,0.0,0.0,0.7881036709261375,0.732393407219786,0.6666666666666666,0.9274242319038181,0.27916529268424906,0.5410508914025758,0.7441841160886432,0.5631979614674661,0.9899231660244285,0.6666666666666665,0.9274242319035987,0.2558954248850589,0.5095114852022294,0.7254930380613872,0.5584442179900101,0.9896480282280168
93.25,0.0,0.0,0.7881939916970174,0.7323934030216513,0.6666666666666666,0.9274242319038181,0.2791756660840443,0.5410623162097387,0.7441896403016125,0.5638110154311696,0.989923221228275,0.6666666666666665,0.9274242319039666,0.255867676433876,0.5094681403971075,0.7254637153264625,0.5590341106682446,0.9896475331848046
93.375,0.0,0.0,0.7882842981729943,0.7323933987423672,0.6666666666666665,0.9274242319038181,0.2791861366019463,0.5410738811914254,0.7441952480889081,0.5644238526553229,0.9899232778144773,0.6666666666666665,0.9274242319038664,0.25584002715830945,0.5094249493090165,0.7254344920523015,0.5596237483946874,0.9896470398173018
93.5,0.0,0.0,0.7883745904885366,0.7323933943829684,0.6666666666666666,0.9274242319038181,0.27919670379442857,0.5410855856723003,0.7442009390312638,0.5650364734658123,0.9899233357759423,0.6666666666666665,0.9274242319036745,0.2558124765647456,0.509381911183614,0.7254053677776682,0.560213131530378,0.989646548117809
93.625,0.0,0.0,0.7884648687768279,0.7323933899444778,0.6666666666666666,0.9274242319038181,0.27920736722018236,0.541097428981172,0.7442067127118139,0.5656488781869545,0.9899233951056173,0.6666666666666665,0.9274242319039239,0.2557850241627351,0.5093390252712907,0.7253763420440272,0.560802260434793,0.9896460580786708
93.75,0.0,0.0,0.7885551331698797,0.7323933854279068,0.6666666666666666,0.9274242319038181,0.27921812644092786,0.5411094104507711,0.7442125687160617,0.5662610671415023,0.9899234557964902,0.6666666666666665,0.9274242319038937,0.2557576694649683,0.5092962908271349,0.7253474143955245,0.5613911354658516,0.9896455696922755
93.875,0.0,0.0,0.7886453837984663,0.7323933808342561,0.6666666666666666,0.9274242319038181,0.27922898102080657,0.5411215294178464,0.744218506631877,0.5668730406506473,0.9899235178415887,0.6666666666666665,0.9274242319034308,0.25573041198725105,0.509253707110896,0.7253185843789693,0.5619797569799206,0.9896450829510557
94.0,0.0,0.0,0.7887356207921673,0.7323933761645146,0.6666666666666666,0.9274242319038182,0.2792399305266503,0.5411337852230829,0.7442245260494661,0.5674847990340265,0.9899235812339805,0.6666666666666665,0.9274242319038359,0.25570325124847676,0.5092112733869502,0.7252898515438152,0.5625681253318203,0.9896445978474867
94.125,0.0,0.0,0.7888258442793857,0.7323933714196607,0.6666666666666666,0.9274242319038181,0.27925097452798675,0.5411461772110431,0.7442306265613654,0.5680963426097252,0.9899236459667727,0.6666666666666665,0.9274242319039454,0.2556761867706087,0.5091689889242649,0.7252612154421417,0.56315624087483,0.9896441143740872
94.25,0.0,0.0,0.7889160543873063,0.7323933666006615,0.6666666666666666,0.9274242319038182,0.2792621125966859,0.5411587047302417,0.7442368077624162,0.5687076716942822,0.9899237120331117,0.6666666666666665,0.9274242319035534,0.25564921807865204,0.5091268529963645,0.7252326756286365,0.5637441039606923,0.9896436325234187
94.375,0.0,0.0,0.7890062512419861,0.7323933617084732,0.6666666666666666,0.9274242319038181,0.27927334430754414,0.5411713671329449,0.7442430692497551,0.5693187866026935,0.9899237794261827,0.6666666666666665,0.9274242319038146,0.2556223447006287,0.5090848648812959,0.7252042316605766,0.5643317149396198,0.9896431522880849
94.5,0.0,0.0,0.7890964349682564,0.7323933567440423,0.6666666666666666,0.9274242319038182,0.2792846692374455,0.5411841637753627,0.7442494106227934,0.5699296876484177,0.98992384813921,0.6666666666666665,0.9274242319039376,0.25559556616755896,0.5090430238615943,0.7251758830978112,0.5649190741602991,0.9896426736607319
94.625,0.0,0.0,0.7891866056898544,0.7323933517083037,0.6666666666666666,0.9274242319038181,0.2792960869662982,0.5411970940173667,0.7442558314832008,0.570540375143379,0.9899239181654557,0.6666666666666665,0.9274242319035231,0.25556888201343586,0.5090013292242496,0.7251476295027435,0.5655061819698965,0.9896421966340475
94.75,0.0,0.0,0.7892767635292978,0.7323933466021824,0.6666666666666666,0.9274242319038182,0.2793075970759867,0.541210157222727,0.7442623314348931,0.5711508493979722,0.9899239894982205,0.6666666666666665,0.9274242319037862,0.25554229177519905,0.5089597802606729,0.725119470440313,0.5660930387140639,0.9896417212007617
94.875,0.0,0.0,0.7893669086080303,0.7323933414265933,0.6666666666666666,0.9274242319038181,0.2793191991514245,0.5412233527588132,0.7442689100840091,0.5717611107210673,0.9899240621308427,0.6666666666666665,0.9274242319039855,0.25551579499271804,0.5089183762666637,0.7250914054779779,0.5666796447369422,0.9896412473536451
95.0,0.0,0.0,0.7894570410462919,0.7323933361824405,0.6666666666666666,0.9274242319038182,0.2793308927794349,0.5412366799968361,0.7442755670389049,0.5723711594200122,0.9899241360566983,0.6666666666666665,0.9274242319036291,0.2554893912087668,0.5088771165423766,0.7250634341856983,0.5672660003811677,0.9896407750855097
95.125,0.0,0.0,0.7895471609632619,0.7323933308706189,0.6666666666666666,0.9274242319038182,0.27934267754982517,0.5412501383115564,0.7442823019101255,0.5729809958006379,0.9899242112692005,0.6666666666666665,0.92742423190379,0.2554630799689984,0.5088360003922888,0.7250355561359182,0.5678521059878768,0.9896403043892085
95.25,0.0,0.0,0.7896372684769383,0.7323933254920131,0.6666666666666666,0.927424231903818,0.27935455305432794,0.5412637270815023,0.7442891143104032,0.5735906201672628,0.9899242877617997,0.6666666666666665,0.9274242319039102,0.25543686082192846,0.5087950271251682,0.7250077709035487,0.5684379618967113,0.9896398352576345
95.375,0.0,0.0,0.7897273637042596,0.7323933200474974,0.6666666666666666,0.9274242319038181,0.27936651888750963,0.5412774456887272,0.744296003854628,0.574200032822696,0.9899243655279834,0.6666666666666665,0.9274242319036045,0.25541073331891084,0.5087541960540409,0.7249800780659517,0.5690235684458221,0.9896393676837216
95.5,0.0,0.0,0.7898174467610215,0.7323933145379371,0.6666666666666666,0.927424231903818,0.27937857464599175,0.5412912935189524,0.7443029701598454,0.5748092340682414,0.989924444561275,0.6666666666666665,0.927424231903756,0.255384697014113,0.5087135064961599,0.7249524772029217,0.5696089259718756,0.9896389016604431
95.625,0.0,0.0,0.7899075177619467,0.7323933089641878,0.6666666666666666,0.9274242319038181,0.27939071992898684,0.5413052699614233,0.7443100128452284,0.5754182242037019,0.9899245248552347,0.6666666666666665,0.9274242319041266,0.2553587514644995,0.5086729577729732,0.72492496789667,0.5701940348100579,0.9896384371808125
95.75,0.0,0.0,0.7899975768206607,0.7323933033270953,0.6666666666666666,0.9274242319038181,0.2794029543379539,0.54131937440894,0.7443171315320752,0.5760270035273831,0.9899246064034586,0.6666666666666665,0.9274242319036756,0.25533289622980937,0.5086325492100929,0.7248975497318086,0.5707788952940795,0.9896379742378824
95.875,0.0,0.0,0.7900876240497003,0.7323932976274965,0.6666666666666666,0.9274242319038184,0.27941527747666867,0.541333606257833,0.7443243258437822,0.5766355723360972,0.9899246891995785,0.6666666666666665,0.9274242319037408,0.25530713087253,0.508592280137265,0.7248702222953325,0.5713635077561804,0.9896375128247447
96.0,0.0,0.0,0.7901776595605504,0.7323932918662185,0.6666666666666666,0.9274242319038181,0.27942768895135195,0.5413479649078763,0.7443315954058393,0.577243930925167,0.989924773237262,0.6666666666666665,0.9274242319039885,0.2552814549578828,0.5085521498883374,0.7248429851766042,0.5719478725271343,0.9896370529345303
96.125,0.0,0.0,0.7902676834635938,0.7323932860440795,0.6666666666666666,0.9274242319038185,0.27944018837028295,0.5413624497623751,0.7443389398458066,0.5778520795884293,0.9899248585102118,0.6666666666666665,0.9274242319037401,0.2552558680538006,0.5085121578012302,0.7248158379673375,0.5725319899362542,0.9896365945604086
96.25,0.0,0.0,0.7903576958681988,0.732393280161889,0.6666666666666667,0.9274242319038182,0.2794527753443521,0.5413770602279774,0.7443463587933076,0.5784600186182393,0.9899249450121655,0.6666666666666665,0.9274242319037722,0.2552303697309036,0.508472303217906,0.7247887802615814,0.573115860311396,0.9896361376955879
96.375,0.0,0.0,0.7904476968826266,0.7323932742204468,0.6666666666666666,0.9274242319038177,0.2794654494862994,0.5413917957148514,0.7443538518800074,0.579067748305473,0.9899250327368958,0.6666666666666665,0.9274242319040155,0.25520495956248296,0.5084325854843398,0.7247618116557039,0.5736994839789641,0.9896356823333139
96.5,0.0,0.0,0.7905376866141586,0.7323932682205447,0.6666666666666666,0.9274242319038182,0.27947821041157944,0.5414066556364249,0.7443614187396043,0.5796752689395325,0.9899251216782099,0.6666666666666665,0.9274242319037607,0.25517963712448094,0.5083930039504886,0.7247349317483763,0.5742828612639154,0.9896352284668708
96.625,0.0,0.0,0.7906276651689645,0.7323932621629652,0.6666666666666666,0.9274242319038181,0.27949105773736316,0.5414216394096163,0.7443690590078113,0.5802825808083483,0.9899252118299491,0.6666666666666665,0.927424231903707,0.2551544019954656,0.5083535579702635,0.7247081401405581,0.5748659924897637,0.9896347760895802
96.75,0.0,0.0,0.7907176326522583,0.732393256048482,0.6666666666666666,0.9274242319038181,0.2795039910835568,0.5414367464545424,0.744376772322344,0.5808896841983835,0.9899253031859891,0.6666666666666665,0.9274242319041153,0.2551292537566167,0.5083142469014995,0.7246814364354804,0.5754488779785849,0.9896343251948012
96.875,0.0,0.0,0.7908075891681549,0.7323932498778611,0.6666666666666665,0.9274242319038183,0.27951701007172786,0.5414519761947622,0.7443845583229068,0.5814965793946372,0.9899253957402393,0.6666666666666665,0.9274242319038227,0.25510419199170525,0.5082750701059273,0.7246548202386317,0.5760315180510207,0.9896338757759301
97.0,0.0,0.0,0.7908975348198245,0.7323932436518591,0.6666666666666666,0.9274242319038181,0.2795301143261535,0.5414673280569856,0.7443924166511771,0.5821032666806479,0.9899254894866428,0.6666666666666665,0.9274242319036131,0.25507921628706937,0.5082360269491446,0.7246282911577412,0.5766139130262838,0.9896334278263998
97.125,0.0,0.0,0.7909874697093557,0.7323932373712247,0.6666666666666666,0.9274242319038178,0.279543303472729,0.5414828014713133,0.7444003469507945,0.5827097463384973,0.989925584419176,0.6666666666666665,0.927424231903994,0.25505432623159957,0.5081971168005873,0.7246018488027649,0.5771960632221614,0.9896329813396805
97.25,0.0,0.0,0.7910773939379042,0.7323932310366987,0.6666666666666666,0.9274242319038181,0.27955657714004545,0.5414983958709465,0.7444083488673421,0.5833160186488129,0.9899256805318484,0.6666666666666665,0.9274242319038374,0.25502952141671986,0.5081583390335023,0.72457549278587,0.5777779689550204,0.9896325363092782
97.375,0.0,0.0,0.7911673076055568,0.7323932246490128,0.6666666666666665,0.927424231903818,0.2795699349582579,0.5415141106924315,0.7444164220483406,0.5839220838907725,0.9899257778187026,0.6666666666666665,0.9274242319036905,0.25500480143636467,0.5081196930249189,0.7245492227214193,0.5783596305398112,0.9896320927287353
97.5,0.0,0.0,0.7912572108114807,0.7323932182088914,0.6666666666666666,0.9274242319038182,0.27958337656018356,0.5415299453753701,0.7444245661432246,0.5845279423421065,0.9899258762738137,0.6666666666666665,0.9274242319039967,0.25498016588696354,0.5080811781556214,0.7245230382259576,0.5789410482900718,0.9896316505916303
97.625,0.0,0.0,0.7913471036537896,0.732393211717051,0.6666666666666666,0.9274242319038182,0.279596901580203,0.5415458993626511,0.7444327808033411,0.5851335942791018,0.9899259758912895,0.6666666666666665,0.9274242319038704,0.2549556143674225,0.508042793810122,0.7244969389181963,0.5795222225179328,0.9896312098915774
97.75,0.0,0.0,0.7914369862296826,0.7323932051741994,0.6666666666666666,0.9274242319038181,0.27961050965527073,0.5415619721001875,0.7444410656819235,0.5857390399766048,0.9899260766652698,0.6666666666666665,0.9274242319035158,0.2549311464791032,0.5080045393766334,0.7244709244189987,0.580103153534121,0.989630770622226
97.875,0.0,0.0,0.791526858635334,0.7323931985810374,0.6666666666666665,0.927424231903818,0.2796242004239483,0.5415781630371117,0.7444494204340916,0.586344279708025,0.9899261785899267,0.6666666666666665,0.9274242319039732,0.25490676182580535,0.5079664142470417,0.7244449943513658,0.5806838416479637,0.9896303327772612
98.0,0.0,0.0,0.7916167209659989,0.7323931919382577,0.6666666666666666,0.9274242319038181,0.2796379735272497,0.5415944716255584,0.744457844716825,0.5869493137453374,0.9899262816594642,0.6666666666666665,0.9274242319039201,0.2548824600137515,0.5079284178168805,0.7244191483404216,0.5812642871673928,0.9896298963504025
98.125,0.0,0.0,0.7917065733159343,0.7323931852465455,0.6666666666666665,0.927424231903818,0.27965182860786497,0.5416108973208087,0.7444663381889637,0.5875541423590864,0.9899263858681172,0.6666666666666665,0.9274242319036099,0.2548582406515651,0.5078905494853034,0.7243933860133992,0.5818444903989489,0.9896294613354049
98.25,0.0,0.0,0.791796415778478,0.7323931785065787,0.6666666666666666,0.9274242319038183,0.2796657653107991,0.5416274395811289,0.7444749005111821,0.5881587658183886,0.9899264912101529,0.6666666666666665,0.927424231903921,0.25483410335025325,0.5078528086550587,0.7243677069996265,0.5824244516477856,0.9896290277260574
98.375,0.0,0.0,0.7918862484459954,0.732393171719027,0.6666666666666666,0.9274242319038181,0.27967978328281223,0.5416440978678574,0.7444835313459892,0.5887631843909354,0.9899265976798688,0.6666666666666665,0.9274242319038893,0.25481004772319227,0.5078151947324628,0.7243421109305119,0.583004171217673,0.9896285955161837
98.5,0.0,0.0,0.7919760714099304,0.7323931648845536,0.6666666666666666,0.9274242319038178,0.27969388217283764,0.5416608716453016,0.7444922303577026,0.5893673983429977,0.9899267052715942,0.6666666666666665,0.9274242319035879,0.25478607338610704,0.5077777071273749,0.7243165974395307,0.5835836494110023,0.9896281646996413
98.625,0.0,0.0,0.7920658847607832,0.7323931580038138,0.6666666666666666,0.9274242319038181,0.2797080616316446,0.5416777603807686,0.7445009972124496,0.5899714079394262,0.9899268139796886,0.6666666666666665,0.9274242319038821,0.25476217995705314,0.5077403452531707,0.7242911661622113,0.5841628865287892,0.9896277352703218
98.75,0.0,0.0,0.7921556885881283,0.7323931510774561,0.6666666666666666,0.9274242319038181,0.2797223213120372,0.5416947635445175,0.7445098315781413,0.5905752134436567,0.989926923798542,0.6666666666666665,0.9274242319038819,0.25473836705640307,0.507703108526718,0.7242658167361211,0.5847418828706783,0.9896273072221505
98.875,0.0,0.0,0.7922454829806216,0.7323931441061216,0.6666666666666666,0.927424231903818,0.2797366608687303,0.5417118806097373,0.7445187331244733,0.5911788151177119,0.9899270347225747,0.6666666666666665,0.9274242319036584,0.2547146343068262,0.507665996368351,0.7242405488008533,0.5853206387349463,0.9896268805490861
99.0,0.0,0.0,0.7923352680259944,0.7323931370904444,0.6666666666666666,0.9274242319038183,0.27975107995834464,0.5417291110525501,0.7445277015229006,0.5917822132222045,0.9899271467462378,0.6666666666666665,0.9274242319038825,0.2546909813332721,0.5076290082018451,0.7242153619980131,0.5858991544185067,0.9896264552451203
99.125,0.0,0.0,0.7924250438110821,0.7323931300310519,0.6666666666666666,0.9274242319038181,0.27976557823947634,0.5417464543519421,0.7445367364466381,0.59238540801634,0.9899272598640115,0.6666666666666665,0.9274242319039574,0.2546674077629552,0.5075921434543933,0.7241902559712042,0.5864774302169131,0.9896260313042782
99.25,0.0,0.0,0.792514810421797,0.7323931229285641,0.6666666666666666,0.9274242319038178,0.2797801553725115,0.5417639099898116,0.7445458375706365,0.5929883997579195,0.989927374070406,0.6666666666666665,0.927424231903542,0.2546439132253383,0.5075554015565802,0.7241652303660162,0.5870554664243628,0.9896256087206173
99.375,0.0,0.0,0.792604567943176,0.7323931157835946,0.6666666666666666,0.9274242319038181,0.2797948110198633,0.5417814774508587,0.7445550045715815,0.5935911887033427,0.989927489359961,0.6666666666666665,0.9274242319038122,0.2546204973521121,0.5075187819423589,0.7241402848300103,0.5876332633337009,0.9896251874882281
99.5,0.0,0.0,0.7926943164593343,0.7323931085967503,0.6666666666666666,0.9274242319038182,0.27980954484563214,0.5417991562226714,0.7445642371278716,0.5941937751076101,0.9899276057272457,0.6666666666666665,0.9274242319039845,0.2545971597771847,0.5074822840490266,0.724115419012707,0.5882108212364241,0.9896247676012332
99.625,0.0,0.0,0.7927840560535333,0.7323931013686313,0.6666666666666666,0.9274242319038181,0.27982435651598553,0.5418169457955819,0.7445735349196155,0.5947961592243259,0.9899277231668581,0.6666666666666665,0.927424231903561,0.2545739001366627,0.5074459073172003,0.7240906325655732,0.5887881404226835,0.9896243490537875
99.75,0.0,0.0,0.7928737868081159,0.732393094099831,0.6666666666666666,0.9274242319038183,0.27983924569868907,0.5418348456627841,0.7445828976286125,0.5953983413057014,0.9899278416734251,0.6666666666666378,0.9274242319038125,0.2545507180688321,0.5074096511907936,0.7240659251420084,0.5893652211812896,0.9896239318400777
99.875,0.0,0.0,0.7929635088045868,0.732393086790937,0.6666666666666438,0.9274242319038178,0.27985421206357014,0.5418528553201696,0.7445923249383483,0.5960003216025558,0.9899279612416028,0.6666666666662914,0.9274242319041199,0.2545276132141481,0.5073735151169931,0.7240412963973328,0.5899420637997151,0.9896235159543227
100.0,0.0,0.0,0.7931325023578443,0.7323930452776972,0.6655196401680943,0.9274079793904986,0.27986971811391226,0.541870975859198,0.744601816537371,0.5966020003173836,0.9899280356108394,0.6655196401667399,0.9274079793903588,0.25450458239230994,0.5073374985364415,0.7240167459887524,0.5905185712478678,0.9896230551770177
